cap1_39.zms 34 160 317 20 16
cap1_39.zms 35 177 315 18 18
cap1_39.zms 36 177 313 18 16
cap1_39.zms 37 172 309 20 19
cap1_39.zms 38 244 312 22 16
cap1_39.zms 39 366 309 17 15
cap1_39.zms 40 396 305 29 17
cap1_39.zms 41 395 307 20 13
cap1_39.zms 42 384 303 24 16
cap1_39.zms 43 305 306 20 17
cap1_39.zms 44 179 297 20 18
cap1_39.zms 45 60 270 20 20
cap1_39.zms 46 57 266 23 22
cap1_39.zms 47 62 268 25 19
cap1_39.zms 48 204 289 26 21
cap1_39.zms 49 253 290 31 22
cap1_39.zms 50 249 284 28 22
cap1_39.zms 51 240 273 29 23
cap1_39.zms 52 234 264 33 25
cap1_39.zms 53 84 234 27 28
cap1_39.zms 54 0  203 22 13
cap1_39.zms 58 61 202 36 38
cap1_39.zms 59 241 238 36 27
cap1_39.zms 60 324 230 39 29
cap1_39.zms 61 337 223 41 30
cap1_39.zms 62 367 194 45 31
cap1_39.zms 63 389 170 56 33
cap1_39.zms 64 399 143 55 40
cap1_39.zms 65 341 151 52 36
cap1_39.zms 66 190 145 60 46
cap1_39.zms 67 129 129 44 43
cap1_39.zms 68 112 105 49 53
cap1_39.zms 69 148 101 54 47
cap1_39.zms 70 263 112 69 37
cap1_39.zms 71 334 97 61 39
cap1_39.zms 72 363 82 67 33
cap1_39.zms 73 363 80 64 39
cap1_39.zms 74 318 105 63 35
cap1_39.zms 75 227 110 60 40
cap1_39.zms 76 143 109 42 42
cap1_39.zms 77 148 115 47 44
cap1_39.zms 78 149 125 44 41
cap1_39.zms 79 111 117 47 46
cap1_39.zms 80 106 116 47 49
cap1_39.zms 81 123 123 49 43
cap1_39.zms 82 132 125 51 42
cap1_39.zms 83 138 124 50 43
cap1_39.zms 84 155 126 47 42
cap1_39.zms 85 158 127 47 39
cap1_39.zms 86 165 130 52 42
cap1_39.zms 87 161 122 54 48
cap1_39.zms 88 168 129 43 41
cap1_39.zms 89 165 125 47 44
cap1_39.zms 90 163 125 48 47
cap1_39.zms 91 169 132 43 38
cap1_39.zms 92 167 132 49 35
cap1_39.zms 93 161 127 54 44
cap1_39.zms 94 167 130 51 37
cap1_39.zms 95 172 130 39 39
cap1_39.zms 96 180 131 51 43
cap1_39.zms 97 202 138 47 36
cap1_39.zms 98 211 140 46 35
cap1_39.zms 99 214 143 42 32
cap1_39.zms 100 207 133 53 46
cap1_39.zms 101 214 142 47 34
cap1_39.zms 102 203 135 55 42
cap1_39.zms 103 211 141 47 35
cap1_39.zms 104 207 138 45 34
cap1_39.zms 105 216 145 37 29
cap1_39.zms 106 218 139 38 34
cap1_39.zms 107 210 140 45 37
cap1_39.zms 108 214 141 40 37
cap1_39.zms 109 209 138 47 36
cap1_39.zms 110 215 141 41 32
cap1_39.zms 111 207 138 47 34
cap1_39.zms 112 215 141 41 35
cap1_39.zms 113 186 131 46 39
cap1_39.zms 114 151 124 48 41
cap1_39.zms 115 186 126 45 40
cap1_39.zms 116 212 130 48 34
cap1_39.zms 117 223 132 48 32
cap1_39.zms 118 227 131 46 35
cap1_39.zms 119 242 127 49 35
cap1_39.zms 120 263 126 53 35
cap1_39.zms 121 284 128 45 29
cap1_39.zms 122 275 125 55 40
cap1_39.zms 123 281 124 50 37
cap1_39.zms 124 282 125 50 34
cap1_39.zms 125 282 126 49 33
cap1_39.zms 126 282 122 51 37
cap1_39.zms 127 287 128 49 34
cap1_39.zms 128 289 125 40 29
cap1_39.zms 129 286 128 48 30
cap1_39.zms 130 279 120 60 42
cap1_39.zms 131 279 128 47 31
cap1_39.zms 132 262 125 41 31
cap1_39.zms 133 252 126 45 37
cap1_39.zms 134 246 123 52 40
cap1_39.zms 135 252 129 43 32
cap1_39.zms 136 249 124 43 36
cap1_39.zms 137 247 131 53 34
cap1_39.zms 138 257 122 39 42
cap1_39.zms 139 249 124 51 40
cap1_39.zms 140 251 125 44 34
cap1_39.zms 141 252 127 45 33
cap1_39.zms 142 258 124 37 37
cap1_39.zms 143 244 117 54 44
cap1_39.zms 144 244 120 56 41
cap1_39.zms 145 250 124 49 36
cap1_39.zms 146 238 120 53 41
cap1_39.zms 147 245 124 45 38
cap1_39.zms 148 248 126 41 36
cap1_39.zms 149 243 128 43 36
cap1_39.zms 150 244 125 48 39
cap1_39.zms 151 248 127 43 38
cap1_40.zms 1 244 133 49 27
cap1_40.zms 2 250 132 36 29
cap1_40.zms 3 249 132 40 28
cap1_40.zms 4 247 134 40 26
cap1_40.zms 5 250 131 39 27
cap1_40.zms 6 249 135 43 26
cap1_40.zms 7 245 130 47 33
cap1_40.zms 8 250 131 41 30
cap1_40.zms 9 247 129 1 9
cap1_40.zms 10 245 130 48 31
cap1_40.zms 11 241 134 42 30
cap1_40.zms 12 257 150 46 33
cap1_40.zms 13 264 152 45 29
cap1_40.zms 14 266 154 42 27
cap1_40.zms 15 269 137 47 39
cap1_40.zms 16 286 115 48 32
cap1_40.zms 17 241 91 55 35
cap1_40.zms 18 222 85 49 39
cap1_40.zms 19 224 86 52 39
cap1_40.zms 20 237 91 56 33
cap1_40.zms 21 248 89 52 40
cap1_40.zms 22 244 90 60 39
cap1_40.zms 23 241 87 63 40
cap1_40.zms 24 257 91 39 33
cap1_40.zms 25 246 89 56 38
cap1_40.zms 26 245 90 58 40
cap1_40.zms 27 255 91 57 39
cap1_40.zms 28 257 93 53 35
cap1_40.zms 29 258 93 49 36
cap1_40.zms 30 252 95 56 34
cap1_40.zms 31 257 95 48 32
cap1_40.zms 32 251 91 55 35
cap1_40.zms 33 254 94 50 33
cap1_40.zms 34 257 94 50 33
cap1_40.zms 35 252 91 53 35
cap1_40.zms 36 256 96 54 29
cap1_40.zms 37 253 95 58 33
cap1_40.zms 38 253 93 57 36
cap1_40.zms 39 256 94 51 32
cap1_40.zms 40 253 91 61 38
cap1_40.zms 41 262 96 42 29
cap1_40.zms 42 258 95 50 33
cap1_40.zms 43 257 92 51 31
cap1_40.zms 44 254 94 58 33
cap1_40.zms 45 263 92 49 35
cap1_40.zms 46 258 88 54 34
cap1_40.zms 47 253 89 53 38
cap1_40.zms 48 230 78 49 37
cap1_40.zms 49 204 75 51 31
cap1_40.zms 50 204 68 48 39
cap1_40.zms 51 203 67 51 38
cap1_40.zms 52 202 75 53 32
cap1_40.zms 53 193 65 59 38
cap1_40.zms 54 202 55 57 39
cap1_40.zms 55 210 33 55 34
cap1_40.zms 56 215 42 58 31
cap1_40.zms 57 213 31 59 45
cap1_40.zms 58 212 37 60 39
cap1_40.zms 59 208 45 62 38
cap1_40.zms 60 202 52 61 34
cap1_40.zms 61 201 61 59 34
cap1_40.zms 62 201 57 61 39
cap1_40.zms 63 203 61 60 35
cap1_40.zms 64 201 56 59 39
cap1_40.zms 65 205 58 53 37
cap1_40.zms 66 198 58 62 38
cap1_40.zms 67 198 72 62 35
cap1_40.zms 68 202 73 53 36
cap1_40.zms 69 202 77 54 34
cap1_40.zms 70 195 68 59 42
cap1_40.zms 71 203 75 52 35
cap1_40.zms 72 202 72 63 40
cap1_40.zms 73 245 72 59 39
cap1_40.zms 74 246 78 60 34
cap1_40.zms 75 249 76 55 32
cap1_40.zms 76 254 78 43 32
cap1_40.zms 77 247 72 56 44
cap1_40.zms 78 240 73 62 39
cap1_40.zms 79 246 75 62 38
cap1_40.zms 80 241 74 69 45
cap1_40.zms 81 243 77 64 34
cap1_40.zms 82 247 81 61 32
cap1_40.zms 83 248 80 60 32
cap1_40.zms 84 243 69 69 51
cap1_40.zms 85 242 75 59 38
cap1_40.zms 86 243 79 65 32
cap1_40.zms 87 243 73 62 44
cap1_40.zms 88 246 79 62 33
cap1_40.zms 89 238 82 73 30
cap1_40.zms 90 248 76 55 36
cap1_40.zms 91 245 74 57 43
cap1_40.zms 92 249 77 54 35
cap1_40.zms 93 239 72 67 41
cap1_40.zms 94 247 74 54 36
cap1_40.zms 95 244 76 58 35
cap1_40.zms 96 240 70 64 39
cap1_40.zms 97 244 76 58 34
cap1_40.zms 98 241 77 65 31
cap1_40.zms 99 253 78 50 32
cap1_40.zms 100 250 76 55 34
cap1_40.zms 101 247 79 61 28
cap1_40.zms 102 241 73 62 39
cap1_40.zms 103 247 77 59 34
cap1_40.zms 104 244 76 62 33
cap1_40.zms 105 244 79 60 32
cap1_40.zms 106 241 74 69 39
cap1_40.zms 107 242 84 50 31
cap1_40.zms 108 235 86 53 33
cap1_40.zms 109 239 88 51 34
cap1_40.zms 110 239 87 58 37
cap1_40.zms 111 247 94 51 36
cap1_40.zms 112 238 92 63 39
cap1_40.zms 113 255 95 47 32
cap1_40.zms 114 271 105 48 32
cap1_40.zms 115 285 112 52 32
cap1_40.zms 116 290 112 48 29
cap1_40.zms 117 289 111 48 34
cap1_40.zms 118 292 113 44 32
cap1_40.zms 119 288 109 48 40
cap1_40.zms 120 285 111 53 34
cap1_40.zms 121 290 112 48 33
cap1_40.zms 122 287 106 51 40
cap1_40.zms 123 286 109 53 37
cap1_40.zms 124 284 110 58 38
cap1_40.zms 125 291 114 50 35
cap1_40.zms 126 289 106 56 42
cap1_40.zms 127 292 112 47 39
cap1_40.zms 128 291 109 50 41
cap1_40.zms 129 289 109 51 46
cap1_40.zms 130 290 109 46 39
cap1_40.zms 131 292 108 48 42
cap1_40.zms 132 295 110 39 34
cap1_40.zms 133 289 107 46 39
cap1_40.zms 134 294 114 45 32
cap1_40.zms 135 287 104 49 41
cap1_40.zms 136 288 103 53 44
cap1_40.zms 137 294 113 41 30
cap1_40.zms 138 290 110 53 38
cap1_40.zms 139 292 113 53 38
cap1_40.zms 140 293 111 44 34
cap1_40.zms 141 292 109 46 35
cap1_40.zms 142 288 110 50 35
cap1_40.zms 143 281 108 63 40
cap1_40.zms 144 292 115 49 27
cap1_40.zms 146 286 112 47 36
cap1_40.zms 147 291 113 47 36
cap1_40.zms 148 288 109 51 39
cap1_40.zms 149 285 111 48 34
cap1_40.zms 150 285 110 48 34
