20160114_0.avi 1 424 358 129 130
20160114_0.avi 11 453 357 134 133
20160114_0.avi 23 457 340 132 133
20160114_0.avi 53 355 488 134 110
20160114_0.avi 84 332 236 125 119
20160114_0.avi 114 362 304 117 119
20160114_0.avi 144 343 334 118 120
20160114_0.avi 181 360 410 119 120
20160114_0.avi 241 516 376 127 124
20160114_0.avi 281 366 482 131 116
20160114_0.avi 350 123 342 127 123
20160114_0.avi 415 172 265 123 121
20160114_0.avi 556 12 191 153 130
20160114_0.avi 597 339 101 127 128
20160114_0.avi 655 357 238 124 123
20160114_0.avi 688 335 278 121 122
20160114_0.avi 746 334 396 124 129
20160114_0.avi 830 289 370 128 133
20160114_0.avi 894 112 370 143 141
20160114_0.avi 6 442 358 129 131
20160114_0.avi 26 449 348 132 133
20160114_0.avi 37 405 508 136 90
20160114_0.avi 80 318 280 121 117
20160114_0.avi 90 416 200 123 120
20160114_0.avi 92 427 199 121 122
20160114_0.avi 94 415 212 122 124
20160114_0.avi 97 388 224 121 122
20160114_0.avi 103 372 262 119 123
20160114_0.avi 115 361 306 118 119
20160114_0.avi 152 378 321 117 117
20160114_0.avi 205 410 398 121 123
20160114_0.avi 227 548 378 128 125
20160114_0.avi 248 494 412 123 121
20160114_0.avi 259 429 408 118 120
20160114_0.avi 281 366 482 131 116
20160114_0.avi 295 317 522 124 76
20160114_0.avi 347 128 378 128 123
20160114_0.avi 373 201 323 120 120
20160114_0.avi 407 182 272 121 121
20160114_0.avi 432 208 306 120 122
20160114_0.avi 447 222 415 119 124
20160114_0.avi 549 1 276 133 136
20160114_0.avi 565 119 108 138 135
20160114_0.avi 581 285 98 128 130
20160114_0.avi 633 378 148 126 127
20160114_0.avi 678 331 285 121 120
20160114_0.avi 730 370 322 121 123
20160114_0.avi 750 330 403 124 132
20160114_0.avi 828 280 388 131 135
20160114_0.avi 870 121 373 141 142
20160114_01.avi 8 274 265 150 150
20160114_01.avi 40 291 264 152 151
20160114_01.avi 63 320 282 157 156
20160114_01.avi 95 283 344 176 177
20160114_01.avi 117 363 286 183 183
20160114_01.avi 179 318 393 197 205
20160114_01.avi 240 313 322 154 154
20160114_01.avi 277 289 434 146 149
20160114_02.avi 6 371 226 133 134
20160114_02.avi 30 361 308 134 133
20160114_02.avi 48 319 350 134 134
20160114_02.avi 63 286 332 133 132
20160114_02.avi 91 260 315 130 130
20160114_02.avi 121 255 258 130 127
20160114_02.avi 181 287 276 130 131
20160114_02.avi 193 292 276 130 130
20160114_02.avi 230 330 288 130 130
20160114_02.avi 256 444 296 133 133
20160114_02.avi 283 247 348 133 133
20160114_02.avi 311 259 343 132 132
20160114_02.avi 358 343 344 130 132
20160114_02.avi 394 385 317 130 130
20160114_02.avi 434 358 362 131 133
20160114_02.avi 467 296 376 129 132
20160114_02.avi 516 265 366 130 131
20160114_02.avi 553 277 436 134 141
20160114_02.avi 581 264 370 141 138
20160114_02.avi 637 241 228 156 156
20160114_02.avi 703 296 263 172 176
20160114_02.avi 715 317 256 175 177
20160114_02.avi 736 356 272 179 183
20160114_02.avi 776 274 218 179 183
20160114_02.avi 798 259 226 176 177
20160114_02.avi 836 311 270 158 161
20160114_05.avi 7 216 318 201 201
20160114_05.avi 26 104 241 254 252
20160114_05.avi 53 150 232 280 283
20160114_05.avi 92 162 223 326 336
20160114_05.avi 124 154 167 311 318
20160114_05.avi 141 198 172 287 301
20160114_05.avi 178 214 210 262 267
20160114_05.avi 200 318 208 228 232
20160114_05.avi 240 338 290 180 185
20160114_05.avi 290 316 246 172 175
20160114_05.avi 347 275 309 193 198
20160114_05.avi 427 222 281 226 230
20160114_05.avi 497 220 158 298 303
20160114_05.avi 541 343 193 262 270
20160114_05.avi 571 329 260 248 250
20160114_05.avi 620 384 273 218 224
20160114_05.avi 661 267 287 186 193
20160114_05.avi 708 348 226 167 169
20160114_05.avi 752 328 206 164 167
20160114_05.avi 781 383 227 185 188
20160114_05.avi 800 372 182 200 201
20160114_05.avi 826 456 157 229 226
20160114_05.avi 849 479 343 241 239
20160114_05.avi 912 312 268 196 197
20160114_05.avi 951 306 261 203 205
20160114_05.avi 980 245 247 218 218
20160114_05.avi 1023 238 224 245 243
20160114_05.avi 1058 200 248 275 267
20160114_05.avi 1099 284 213 278 272
20160114_09.avi 118 269 450 131 126
20160114_09.avi 129 189 322 134 129
20160114_09.avi 138 200 324 133 133
20160114_09.avi 154 239 300 134 127
20160114_09.avi 185 196 259 135 133
20160114_09.avi 207 95 312 144 138
20160114_09.avi 230 252 356 135 133
20160114_09.avi 257 234 320 137 135
20160114_09.avi 317 375 300 132 129
20160114_09.avi 359 238 348 133 135
20160114_09.avi 426 348 222 133 132
20160114_09.avi 472 320 164 130 127
20160114_09.avi 517 255 175 130 130
20160114_09.avi 549 292 309 127 128
20160114_09.avi 611 236 228 133 135
20160114_09.avi 648 259 324 137 134
20160115_01.avi 60 247 350 180 183
20160115_01.avi 70 270 244 175 173
20160115_01.avi 87 154 78 191 189
20160115_01.avi 106 1 32 178 211
20160115_01.avi 120 318 118 183 181
20160115_01.avi 129 356 156 174 181
20160115_01.avi 142 311 178 176 179
20160115_01.avi 163 254 136 183 177
20160115_01.avi 177 410 194 179 173
20160115_01.avi 202 446 130 185 187
20160115_01.avi 236 383 250 188 186
20160115_01.avi 282 175 222 192 191
20160115_01.avi 314 16 176 208 193
20160115_01.avi 356 278 196 171 170
20160115_01.avi 409 386 254 167 165
20160115_01.avi 492 388 272 159 164
20160115_01.avi 503 350 182 150 149
20160115_01.avi 532 223 416 148 151
20160115_01.avi 576 198 345 165 163
20160115_01.avi 620 175 246 166 177
20160115_01.avi 663 253 90 164 163
20160115_01.avi 710 222 246 147 143
20160115_01.avi 760 551 275 154 143
20160115_01.avi 783 426 303 150 148
20160115_01.avi 807 284 344 155 160
20160115_01.avi 837 50 376 171 165
20160115_01.avi 887 196 282 163 167
20160115_01.avi 952 262 234 155 155
20160115_01.avi 989 476 306 139 143
20160115_01.avi 1035 277 185 143 146
20160115_01.avi 1072 254 251 151 149
20160115_01.avi 1122 205 248 160 156
20160115_01.avi 1186 306 120 159 151
20160115_01.avi 1251 138 191 159 152
20160115_01.avi 1285 326 228 163 165
20160115_01.avi 1322 369 255 166 166
20160115_01.avi 1363 338 271 155 156
20160115_01.avi 1373 264 266 157 155
20160115_01.avi 1402 337 266 159 155
20160115_01.avi 1434 286 238 156 151
20160115_01.avi 1460 216 40 161 163
20160115_01.avi 1488 238 38 157 167
20160115_01.avi 1516 480 220 151 148
20160115_01.avi 1560 340 200 163 161
20160115_01.avi 1590 316 148 177 177
20160115_01.avi 1630 362 250 187 185
20160115_01.avi 1671 266 274 197 193
20160115_01.avi 1709 242 206 185 186
20160115_01.avi 1745 250 130 196 199
20160115_01.avi 1794 338 334 205 211
20160115_01.avi 1818 388 292 195 189
20160115_01.avi 1843 291 276 164 163
20160115_01.avi 1874 174 278 135 129
20160115_01.avi 1917 125 251 114 108
20160115_01.avi 1924 118 238 111 105
20160115_01.avi 1939 164 206 107 105
20160115_01.avi 1965 253 279 120 120
20160115_01.avi 1988 217 309 141 140
20160115_01.avi 2021 258 314 161 161
20160115_01.avi 2060 350 120 161 161
20160115_01.avi 2127 222 6 172 173
20160115_01.avi 2153 317 90 172 169
20160115_01.avi 2182 240 92 181 179
20160115_01.avi 2213 274 119 179 176
20160115_01.avi 2219 292 74 191 189
20160115_01.avi 2317 419 111 198 202
20160115_01.avi 2360 435 180 205 199
20160115_2.avi 59 254 322 167 165
20160115_2.avi 119 329 243 0 5
20160115_2.avi 168 382 338 163 165
20160115_2.avi 177 380 315 163 164
20160115_2.avi 194 404 370 175 181
20160115_2.avi 302 141 343 160 189
20160115_2.avi 327 274 270 175 176
20160115_2.avi 362 255 310 174 175
20160115_2.avi 393 478 352 189 186
20160115_2.avi 451 301 218 172 171
20160115_2.avi 477 300 330 174 177
20160115_2.avi 517 356 340 184 181
20160115_2.avi 544 302 283 173 174
20160115_2.avi 583 220 264 175 175
20160115_2.avi 612 141 226 176 170
20160115_2.avi 654 122 246 181 175
20160115_2.avi 684 167 220 176 169
20160115_2.avi 690 254 168 165 161
20160115_2.avi 717 242 153 161 152
20160115_2.avi 731 353 64 158 156
20160115_2.avi 768 288 193 157 156
20160115_2.avi 819 346 196 169 177
20160115_2.avi 840 221 310 180 177
20160115_2.avi 880 298 346 183 183
20160115_2.avi 916 274 354 183 190
20160115_2.avi 1007 382 275 203 184
20160115_2.avi 1017 356 200 187 177
20160115_2.avi 1039 408 124 189 185
20160115_2.avi 1065 392 110 193 193
20160115_2.avi 1093 432 111 176 199
20160115_2.avi 1124 434 254 205 213
20160115_2.avi 1179 187 344 181 179
20160115_2.avi 1211 293 315 182 180
20160115_2.avi 1248 314 240 181 175
20160115_2.avi 1291 271 161 173 164
20160115_2.avi 1329 1 158 216 187
20160115_2.avi 1353 158 228 191 177
20160115_2.avi 1385 190 187 185 174
20160115_2.avi 1421 194 229 186 178
20160115_2.avi 1437 210 232 189 184
20160115_2.avi 1458 310 302 195 192
20160115_2.avi 1480 345 310 190 189
20160115_2.avi 1496 311 240 190 185
20160115_2.avi 1522 524 268 203 201
20160115_2.avi 1556 460 238 207 199
20160115_2.avi 1574 426 110 199 194
20160115_2.avi 1595 396 298 208 211
20160115_2.avi 1622 546 181 238 230
20160115_2.avi 1644 310 124 211 213
20160115_2.avi 1674 209 178 212 207
20160115_2.avi 1690 245 182 203 196
20160115_2.avi 1708 242 92 201 196
20160115_2.avi 1743 380 50 201 203
20160115_2.avi 1769 378 151 193 192
20160115_2.avi 1792 392 248 197 197
20160115_2.avi 1817 142 224 219 214
20160115_2.avi 1836 202 304 221 221
20160115_2.avi 1865 152 242 230 228
20160115_2.avi 1896 146 242 233 229
20160115_2.avi 1921 251 182 230 223
20160115_2.avi 1957 298 236 215 214
20160115_2.avi 2001 452 190 191 185
20160115_2.avi 2022 406 212 189 181
20160115_2.avi 2049 252 222 180 178
20160115_2.avi 2065 288 284 181 189
20160115_2.avi 2093 248 144 183 189
20160115_2.avi 2120 221 74 182 178
20160115_2.avi 2147 250 2 185 183
20160115_2.avi 2174 254 40 187 191
20160115_2.avi 2194 170 186 197 189
20160115_2.avi 2216 90 192 191 199
20160115_2.avi 2230 92 238 217 206
20160115_2.avi 2255 236 256 213 209
20160115_2.avi 2282 276 224 211 209
20160115_2.avi 2311 324 162 208 205
20160115_2.avi 2349 158 206 218 215
20160115_2.avi 2377 252 246 197 195
20160115_2.avi 2420 207 234 190 183
20160115_2.avi 2456 238 193 189 187
20160115_2.avi 2473 122 170 201 192
20160115_2.avi 2536 72 168 232 217
20160115_2.avi 2559 152 212 217 215
20160115_2.avi 2587 106 214 225 213
20160115_2.avi 2625 348 208 209 209
20160115_2.avi 2677 538 240 239 215
20160115_2.avi 2704 482 208 215 205
20160115_2.avi 2723 471 139 210 205
20160115_2.avi 2759 357 175 210 210
20160115_3.avi 42 284 319 119 120
20160115_3.avi 63 306 332 121 125
20160115_3.avi 84 330 251 133 136
20160115_3.avi 131 382 182 179 177
20160115_3.avi 167 296 150 199 197
20160115_3.avi 250 326 284 113 112
20160115_3.avi 293 223 254 95 93
20160115_3.avi 384 572 228 173 161
20160115_3.avi 488 174 226 155 152
20160115_3.avi 537 188 156 171 169
20160115_3.avi 576 397 192 162 161
20160115_3.avi 609 472 206 147 143
20160115_3.avi 654 412 143 128 129
20160115_3.avi 708 372 418 133 138
20160115_3.avi 727 366 442 143 156
20160115_3.avi 761 325 219 134 136
20160115_3.avi 801 386 268 129 125
20160115_3.avi 838 348 312 131 131
20160115_3.avi 891 250 372 127 127
20160115_3.avi 957 114 259 167 158
20160115_3.avi 983 242 209 169 167
20160115_3.avi 1026 340 65 176 182
20160115_3.avi 1068 425 366 174 175
20160115_3.avi 1078 392 286 149 149
20160115_3.avi 1097 488 260 149 140
20160115_3.avi 1138 470 106 144 146
20160115_3.avi 1169 258 46 149 147
20160115_3.avi 1207 254 54 153 154
20160115_3.avi 1257 53 1 177 170
20160115_3.avi 1293 200 79 175 172
20160115_3.avi 1334 272 97 166 165
20160115_3.avi 1357 383 132 174 170
20160115_3.avi 1413 471 246 172 169
20160115_3.avi 1453 367 314 168 169
20160115_3.avi 1487 228 291 177 174
20160115_3.avi 1524 268 209 173 171
20160115_3.avi 1575 362 228 177 175
20160115_3.avi 1616 286 176 158 159
20160115_3.avi 1656 312 246 165 149
20160115_3.avi 1696 215 250 114 112
20160115_3.avi 1740 580 299 157 133
20160115_3.avi 1787 466 269 150 147
20160115_3.avi 1822 294 292 135 135
20160115_3.avi 1883 454 252 149 145
20160115_3.avi 1931 536 250 133 127
20160115_3.avi 1958 439 304 121 123
20160115_3.avi 2002 421 282 136 134
20160115_3.avi 2034 434 342 175 175
20160115_3.avi 2069 380 176 203 199
20160115_3.avi 2093 388 165 193 190
20160115_3.avi 2102 512 193 203 195
20160115_3.avi 2140 478 218 194 183
20160115_3.avi 2175 313 304 191 193
20160115_3.avi 2186 310 251 183 189
20160115_3.avi 2214 272 165 181 183
20160115_3.avi 2243 340 82 181 183
20160115_3.avi 2291 494 52 210 195
20160115_3.avi 2322 526 18 213 207
20160115_3.avi 2351 383 237 184 181
20160115_3.avi 2377 488 264 187 179
20160115_3.avi 2395 392 321 181 181
20160115_3.avi 2424 300 86 185 185
20160115_3.avi 2446 434 40 183 180
20160115_3.avi 2481 482 66 179 183
20160115_3.avi 2505 552 184 201 189
20160115_3.avi 2531 234 282 183 184
20160115_3.avi 2574 314 217 114 112
20160115_3.avi 2602 407 351 104 106
20160115_4.avi 13 227 296 122 115
20160115_4.avi 19 254 322 123 119
20160115_4.avi 30 323 238 126 125
20160115_4.avi 50 374 402 123 131
20160115_4.avi 75 152 231 141 140
20160115_4.avi 92 276 254 146 147
20160115_4.avi 102 238 251 154 155
20160115_4.avi 121 288 294 157 155
20160115_4.avi 143 260 248 159 158
20160115_4.avi 155 360 183 161 161
20160115_4.avi 184 326 170 137 140
20160115_4.avi 206 406 166 128 128
20160115_4.avi 234 314 214 119 119
20160115_4.avi 262 284 232 127 125
20160115_4.avi 280 382 225 143 142
20160115_4.avi 304 508 281 190 182
20160115_4.avi 319 458 216 196 191
20160115_4.avi 326 474 254 190 185
20160115_4.avi 348 412 205 145 146
20160115_4.avi 370 381 111 124 124
20160115_4.avi 389 274 118 109 111
20160115_4.avi 427 295 116 123 125
20160115_4.avi 460 417 159 129 129
20160115_4.avi 494 353 111 130 130
20160115_4.avi 523 375 195 120 119
20160115_4.avi 556 280 265 123 123
20160115_4.avi 600 228 254 143 141
20160115_4.avi 636 366 266 145 147
20160115_4.avi 698 347 240 134 135
20160115_4.avi 737 262 247 145 144
20160115_4.avi 779 236 219 159 159
20160115_4.avi 819 454 233 153 150
20160115_4.avi 886 410 235 151 141
20160115_4.avi 958 330 260 131 129
20160115_4.avi 1011 362 287 141 138
20160115_4.avi 1066 170 189 161 158
20160115_4.avi 1113 418 296 159 155
20160115_4.avi 1137 390 284 170 154
20160115_4.avi 1162 431 252 138 137
20160115_4.avi 1198 362 267 135 135
20160115_4.avi 1227 283 336 144 147
20160115_4.avi 1251 282 245 147 146
20160115_4.avi 1275 270 184 151 153
20160115_4.avi 1290 326 212 151 150
20160115_4.avi 1320 318 117 155 156
20160115_4.avi 1339 346 56 155 161
20160115_4.avi 1368 280 116 153 155
20160115_4.avi 1390 242 310 160 162
20160115_4.avi 1422 330 223 167 168
20160115_4.avi 1452 448 233 176 175
20160115_4.avi 1485 570 284 179 167
20160115_4.avi 1489 600 286 179 167
20160115_4.avi 1516 392 252 152 145
20160115_4.avi 1554 286 194 145 139
20160115_4.avi 1586 393 272 149 149
20160115_4.avi 1622 344 159 150 152
20160115_4.avi 1661 285 246 142 141
20160115_4.avi 1689 201 337 156 152
20160115_4.avi 1711 341 210 149 149
20160115_4.avi 1753 477 241 158 162
20160115_4.avi 1793 616 303 169 158
20160115_4.avi 1838 529 332 144 141
20160115_4.avi 1874 293 235 148 148
20160115_4.avi 1919 356 236 162 164
20160115_4.avi 1972 530 186 184 177
20160115_4.avi 2010 416 338 162 161
20160115_4.avi 2106 193 285 169 164
20160115_4.avi 2144 299 184 163 163
20160115_4.avi 2196 366 212 156 157
20160115_4.avi 2253 453 142 167 168
20160115_4.avi 2315 382 222 155 153
20160115_4.avi 2409 276 349 151 154
20160115_4.avi 2448 310 244 158 149
20160115_4.avi 2478 326 223 149 149
20160115_4.avi 2518 548 257 167 159
20160115_4.avi 2556 365 222 184 181
20160115_4.avi 2589 534 346 229 231
20160115_4.avi 2638 392 178 235 233
20160115_4.avi 2658 402 210 251 250
20160115_4.avi 2681 350 308 231 234
20160115_4.avi 2698 314 308 189 195
20160115_4.avi 2732 214 286 137 129
20160115_4.avi 2746 196 224 125 122
20160115_4.avi 2787 146 366 123 119
20160115_5.avi 13 380 478 124 120
20160115_5.avi 39 546 288 131 126
20160115_5.avi 57 470 344 133 131
20160115_5.avi 84 504 304 163 155
20160115_5.avi 104 564 303 197 184
20160115_5.avi 139 380 281 169 164
20160115_5.avi 164 386 272 151 146
20160115_5.avi 193 514 296 155 150
20160115_5.avi 222 396 377 151 155
20160115_5.avi 252 412 326 151 149
20160115_5.avi 265 406 271 155 150
20160115_5.avi 292 382 258 157 153
20160115_5.avi 296 392 232 158 155
20160115_5.avi 326 361 68 166 164
20160115_5.avi 369 458 266 146 145
20160115_5.avi 395 566 433 159 160
20160115_5.avi 412 287 408 150 158
20160115_5.avi 437 268 280 167 169
20160115_5.avi 447 320 255 171 178
20160115_5.avi 464 346 240 171 173
20160115_5.avi 472 424 252 174 175
20160115_5.avi 500 518 308 180 187
20160115_5.avi 539 386 230 136 135
20160115_5.avi 566 329 280 132 131
20160115_5.avi 583 356 286 137 135
20160115_5.avi 607 344 283 141 141
20160115_5.avi 615 320 202 145 137
20160115_5.avi 644 175 336 144 139
20160115_5.avi 661 176 346 155 151
20160115_5.avi 691 312 348 189 192
20160115_5.avi 699 438 368 201 194
20160115_5.avi 718 482 194 197 191
20160115_5.avi 768 154 370 167 167
20160115_5.avi 780 144 300 160 153
20160115_5.avi 811 254 246 153 149
20160115_5.avi 853 206 176 153 151
20160115_5.avi 884 159 234 153 145
20160115_5.avi 902 248 276 135 131
20160115_5.avi 934 314 244 183 181
20160115_5.avi 966 328 240 231 231
20160115_5.avi 987 249 262 204 201
20160115_5.avi 1018 324 332 130 129
20160115_5.avi 1032 318 306 111 113
20160115_5.avi 1037 316 306 107 107
20160115_5.avi 1047 264 319 105 107
20160115_5.avi 1070 400 325 101 100
20160115_5.avi 1112 338 359 133 134
20160115_5.avi 1147 364 236 165 164
20160115_5.avi 1177 398 210 169 170
20160115_5.avi 1218 461 218 174 169
20160115_5.avi 1250 310 391 179 184
20160115_5.avi 1278 388 375 162 162
20160115_5.avi 1327 246 311 139 136
20160115_5.avi 1360 246 318 139 138
20160115_5.avi 1381 217 262 138 136
20160115_5.avi 1409 297 216 135 134
20160115_5.avi 1458 234 232 137 134
20160115_5.avi 1490 300 252 131 132
20160115_5.avi 1532 410 250 131 128
20160115_5.avi 1564 340 352 145 144
20160115_5.avi 1627 380 352 207 206
20160115_5.avi 1687 209 372 148 147
20160115_5.avi 1732 232 284 114 111
20160115_5.avi 1778 119 380 120 116
20160115_5.avi 1823 272 350 149 147
20160115_5.avi 1844 350 358 167 171
20160115_5.avi 1875 386 291 197 194
20160115_5.avi 1910 302 280 181 179
20160115_5.avi 1943 271 294 138 138
20160115_5.avi 1977 212 403 129 136
20160115_5.avi 2010 171 335 126 126
20160115_6.avi 82 471 322 148 147
20160115_6.avi 88 498 276 153 149
20160115_6.avi 110 358 290 149 169
20160115_6.avi 136 274 258 151 142
20160115_6.avi 148 244 369 146 160
20160115_6.avi 178 339 250 148 147
20160115_6.avi 208 246 242 151 147
20160115_6.avi 236 372 236 149 151
20160115_6.avi 287 250 210 160 157
20160115_6.avi 294 267 196 158 161
20160115_6.avi 321 295 203 158 156
20160115_6.avi 349 318 207 157 156
20160115_6.avi 388 382 248 163 159
20160115_6.avi 415 446 278 185 167
20160115_6.avi 448 20 222 179 167
20160115_6.avi 466 120 218 163 155
20160115_6.avi 498 212 269 153 151
20160115_6.avi 529 417 270 152 151
20160115_6.avi 568 326 396 151 154
20160115_6.avi 588 428 206 155 150
20160115_6.avi 613 530 230 177 174
20160115_6.avi 668 30 262 185 163
20160115_6.avi 694 98 223 171 158
20160115_6.avi 733 194 224 159 157
20160115_6.avi 784 194 230 157 154
20160115_6.avi 810 561 286 175 164
20160115_6.avi 831 416 220 159 157
20160115_6.avi 867 462 218 163 163
20160115_6.avi 908 258 218 157 155
20160115_6.avi 939 206 215 194 169
20160115_6.avi 969 296 182 144 146
20160115_6.avi 1297 1 110 146 138
20160115_6.avi 1323 38 36 147 143
20160115_6.avi 1851 148 354 157 153
20160115_6.avi 1868 530 390 155 155
20160115_6.avi 1916 323 247 152 142
20160115_6.avi 1928 312 336 143 159
20160115_6.avi 1936 330 368 143 147
20160115_6.avi 1958 302 238 145 142
20160115_6.avi 1986 351 247 143 144
20160115_6.avi 2072 152 367 141 136
20160115_6.avi 2075 190 348 133 133
20160115_6.avi 2096 300 330 139 127
20160115_6.avi 2117 382 230 130 127
20160115_6.avi 2147 358 219 127 128
20160115_6.avi 2174 348 205 127 128
20160115_6.avi 2207 354 316 127 132
20160115_6.avi 2259 532 150 159 161
20160115_6.avi 2302 268 192 157 157
20160115_6.avi 2333 282 223 160 156
20160115_7.avi 14 271 184 138 152
20160115_7.avi 39 222 295 155 159
20160115_7.avi 52 192 263 157 156
20160115_7.avi 85 362 169 149 152
20160115_7.avi 133 231 209 158 156
20160115_7.avi 171 463 162 160 156
20160115_7.avi 211 454 232 163 163
20160115_7.avi 242 371 207 148 157
20160115_7.avi 270 370 222 159 159
20160115_7.avi 336 302 132 163 161
20160115_7.avi 424 324 125 187 187
20160115_7.avi 511 394 248 181 179
20160115_7.avi 548 385 174 186 181
20160115_7.avi 632 383 189 211 209
20160115_7.avi 793 148 148 177 169
20160115_7.avi 823 204 168 165 165
20160115_7.avi 850 287 238 164 159
20160115_7.avi 877 400 174 160 163
20160115_7.avi 908 348 276 149 147
20160115_7.avi 944 300 360 159 163
20160115_7.avi 982 197 344 176 180
20160115_7.avi 982 197 344 176 180
20160115_7.avi 1051 134 136 189 185
20160115_7.avi 1114 79 157 196 188
20160115_7.avi 1183 174 102 195 190
20160115_7.avi 1216 406 146 193 191
20160115_7.avi 1244 418 134 187 185
20160115_7.avi 1276 344 210 185 183
20160115_7.avi 1309 241 198 186 186
20160115_7.avi 1336 214 188 191 184
20160115_8.avi 52 340 361 161 164
20160115_8.avi 73 216 242 169 163
20160115_8.avi 95 269 172 174 172
20160115_8.avi 126 368 179 193 186
20160115_8.avi 152 191 181 180 176
20160115_8.avi 177 196 164 193 177
20160115_8.avi 238 166 113 187 182
20160115_8.avi 259 240 128 174 177
20160115_8.avi 289 240 298 173 169
20160115_8.avi 308 276 226 169 169
20160115_8.avi 326 366 184 173 170
20160115_8.avi 346 378 200 168 173
20160115_8.avi 374 238 186 179 177
20160115_8.avi 399 240 188 179 174
20160115_8.avi 421 204 161 177 171
20160115_8.avi 451 223 151 178 174
20160115_8.avi 477 232 178 165 161
20160115_8.avi 501 418 138 145 143
20160115_8.avi 527 356 226 141 142
20160115_8.avi 582 441 284 158 157
20160115_8.avi 628 314 286 163 163
20160115_8.avi 668 232 236 185 181
20160115_8.avi 693 26 230 209 194
20160115_8.avi 712 150 260 196 187
20160115_8.avi 736 180 278 188 181
20160115_8.avi 784 350 180 187 199
20160115_8.avi 804 309 65 196 199
20160115_8.avi 830 228 150 194 192
20160115_8.avi 862 402 64 195 196
20160115_8.avi 897 456 113 208 206
20160115_8.avi 933 390 209 209 192
20160115_8.avi 961 253 36 190 197
20160115_8.avi 1006 316 172 191 190
20160115_8.avi 1038 430 316 185 184
20160115_8.avi 1069 397 374 202 205
20160115_8.avi 1097 350 272 197 203
20160115_8.avi 1141 142 287 207 201
20160115_8.avi 1183 336 200 177 177
20160115_8.avi 1221 164 31 185 182
20160115_8.avi 1247 242 144 178 176
20160115_8.avi 1280 278 150 179 175
20160115_8.avi 1307 368 126 177 175
20160115_8.avi 1336 447 92 187 183
20160115_8.avi 1377 322 128 179 177
20160115_8.avi 1409 305 129 178 188
20160115_8.avi 1441 318 240 194 189
20160115_8.avi 1481 175 318 188 185
20160115_9.avi 127 344 244 130 129
20160115_9.avi 151 288 212 133 133
20160115_9.avi 177 362 220 131 133
20160115_9.avi 206 336 247 135 134
20160115_9.avi 238 396 190 131 131
20160115_9.avi 268 445 200 138 135
20160115_9.avi 317 372 108 137 145
20160115_9.avi 351 359 249 142 140
20160115_9.avi 384 376 316 145 147
20160115_9.avi 416 374 292 147 145
20160115_9.avi 457 280 142 147 145
20160115_9.avi 485 392 130 139 139
20160115_9.avi 502 240 164 140 143
20160115_9.avi 527 130 57 153 152
20160115_9.avi 558 426 144 142 141
20160115_9.avi 581 490 250 153 143
20160115_9.avi 623 364 102 135 138
20160115_9.avi 644 350 228 134 133
20160115_9.avi 677 372 154 125 129
20160115_9.avi 698 335 284 122 136
20160115_9.avi 704 345 257 122 122
20160115_9.avi 736 274 350 129 133
20160115_9.avi 758 322 285 133 134
20160115_9.avi 786 196 88 150 142
20160115_9.avi 822 52 64 172 159
20160115_9.avi 845 226 90 146 145
20160115_9.avi 867 295 98 142 143
20160115_9.avi 889 538 242 159 147
20160115_9.avi 922 474 273 155 150
20160115_9.avi 952 20 306 173 161
20160115_9.avi 975 146 222 164 158
20160115_9.avi 1003 230 238 165 165
20160115_9.avi 1031 129 308 172 172
20160115_9.avi 1061 206 326 135 131
20160115_9.avi 1088 146 410 135 135
20160115_9.avi 1115 226 262 149 147
20160115_9.avi 1127 218 276 161 162
20160115_9.avi 1143 226 264 171 169
20160115_9.avi 1175 222 265 159 154
20160115_9.avi 1204 262 265 131 127
20160115_9.avi 1231 222 260 141 140
20160115_9.avi 1242 232 252 145 143
20160115_9.avi 1260 198 313 151 151
20160115_9.avi 1278 287 319 148 146
20160115_9.avi 1297 334 298 133 135
20160115_9.avi 1324 446 236 131 128
20160115_9.avi 1409 396 242 139 137
20160115_9.avi 1434 358 201 135 134
20160115_9.avi 1474 311 145 132 134
20160115_9.avi 1486 307 214 130 135
20160115_9.avi 1503 318 246 127 129
20160115_9.avi 1533 218 302 134 133
20160115_9.avi 1553 286 300 141 143
20160115_9.avi 1575 242 316 153 155
20160115_9.avi 1601 366 232 153 152
20160115_9.avi 1628 408 326 137 135
20160115_9.avi 1653 482 347 129 124
20160115_9.avi 1720 414 235 127 124
20160115_9.avi 1750 122 94 135 131
20160115_9.avi 1774 302 191 138 124
20160115_9.avi 1822 268 250 119 119
20160115_9.avi 1871 398 316 149 149
20160115_9.avi 1902 372 350 133 135
20160115_9.avi 1932 468 294 139 137
20160115_9.avi 2005 288 230 128 122
20160115_9.avi 2043 298 262 141 141
20160115_9.avi 2068 382 347 159 162
20160115_9.avi 2118 330 236 193 193
20160115_9.avi 2138 156 315 215 214
20160115_9.avi 2157 152 278 203 202
20160115_9.avi 2187 111 324 154 148
20160115_9.avi 2221 302 318 113 113
20160115_9.avi 2240 224 284 107 105
20160115_9.avi 2267 216 286 93 92
20160115_9.avi 2300 310 291 87 90
20160115_9.avi 2324 363 216 96 94
20160115_9.avi 2359 442 184 103 100
20160115_9.avi 2387 438 303 118 130
20160115_9.avi 2412 344 300 127 127
20160115_9.avi 2432 303 330 135 133
20160115_9.avi 2465 254 264 139 137
20160115_9.avi 2489 250 214 151 141
20160115_9.avi 2524 46 114 175 169
20160115_9.avi 2547 297 148 154 158
20160115_9.avi 2572 588 296 181 161
20160115_9.avi 2600 484 244 141 131
20160115_9.avi 2639 310 253 110 108
20160115_9.avi 2675 322 310 103 108
20160115_10.avi 32 437 418 132 132
20160115_10.avi 57 154 180 131 125
20160115_10.avi 72 102 154 149 141
20160115_10.avi 95 266 212 166 163
20160115_10.avi 114 328 169 179 178
20160115_10.avi 155 159 152 140 133
20160115_10.avi 188 258 146 103 103
20160115_10.avi 252 200 215 142 138
20160115_10.avi 308 360 200 169 168
20160115_10.avi 356 243 194 144 141
20160115_10.avi 407 426 118 141 140
20160115_10.avi 450 194 128 143 141
20160115_10.avi 472 220 204 139 137
20160115_10.avi 515 260 285 189 163
20160115_10.avi 538 334 180 205 202
20160115_10.avi 564 346 225 193 194
20160115_10.avi 592 236 242 141 141
20160115_10.avi 633 297 228 112 111
20160115_10.avi 708 176 178 159 154
20160115_10.avi 740 95 40 182 171
20160115_10.avi 765 208 78 190 159
20160115_10.avi 814 402 148 158 153
20160115_10.avi 851 394 135 163 167
20160115_10.avi 878 314 144 167 166
20160115_10.avi 919 440 100 177 172
20160115_10.avi 955 348 13 173 182
20160115_10.avi 971 541 106 193 187
20160115_10.avi 996 498 222 191 179
20160115_10.avi 1019 392 203 176 172
20160115_10.avi 1055 366 331 181 178
20160115_10.avi 1090 285 202 167 166
20160115_10.avi 1131 396 222 169 163
20160115_10.avi 1163 366 272 149 149
20160115_10.avi 1191 198 318 118 115
20160115_10.avi 1223 225 296 96 91
20160115_10.avi 1269 210 348 125 124
20160115_10.avi 1312 424 282 211 207
20160115_10.avi 1345 352 276 200 203
20160115_10.avi 1375 392 204 179 179
20160115_10.avi 1403 348 226 173 167
20160115_10.avi 1451 354 40 199 209
20160115_10.avi 1472 413 236 208 199
20160115_10.avi 1501 519 360 226 217
20160115_10.avi 1541 244 244 187 188
20160115_10.avi 1612 302 259 171 170
20160115_10.avi 1672 202 213 145 141
20160115_10.avi 1762 210 232 115 111
20160115_10.avi 1809 358 254 167 165
20160115_10.avi 1839 368 230 196 193
20160115_10.avi 1900 330 278 131 140
20160115_10.avi 1934 194 322 143 143
20160115_10.avi 1966 280 133 145 146
20160115_10.avi 2003 401 122 150 153
20160115_10.avi 2044 330 218 147 143
20160115_10.avi 2076 388 255 159 154
20160115_10.avi 2117 323 198 152 150
20160115_10.avi 2150 292 187 153 153
20160115_10.avi 2194 180 148 178 175
20160115_10.avi 2247 355 294 170 171
20160115_10.avi 2289 334 228 115 113
20160115_11.avi 18 408 410 121 124
20160115_11.avi 40 376 348 121 116
20160115_11.avi 60 210 246 143 133
20160115_11.avi 84 310 158 165 165
20160115_11.avi 100 424 189 193 192
20160115_11.avi 126 344 280 181 191
20160115_11.avi 149 336 302 137 141
20160115_11.avi 169 274 286 111 113
20160115_11.avi 198 153 321 102 96
20160115_11.avi 212 324 308 93 95
20160115_11.avi 235 374 290 95 96
20160115_11.avi 256 344 270 105 104
20160115_11.avi 293 253 276 122 121
20160115_11.avi 324 200 266 134 141
20160115_11.avi 343 290 230 149 147
20160115_11.avi 356 266 278 155 155
20160115_11.avi 376 342 251 161 163
20160115_11.avi 403 451 374 171 181
20160115_11.avi 423 410 260 148 145
20160115_11.avi 438 332 313 127 128
20160115_11.avi 471 348 362 103 104
20160115_11.avi 492 280 309 95 96
20160115_11.avi 521 324 258 109 109
20160115_11.avi 555 247 270 144 145
20160115_11.avi 586 437 187 198 194
20160115_11.avi 651 490 374 140 139
20160115_11.avi 662 366 390 147 151
20160115_11.avi 695 82 303 173 166
20160115_11.avi 711 280 270 154 154
20160115_11.avi 734 55 161 177 164
20160115_11.avi 768 135 146 170 168
20160115_11.avi 791 409 228 158 157
20160115_11.avi 823 340 240 157 159
20160115_11.avi 854 302 183 153 153
20160115_11.avi 880 264 196 153 151
20160115_11.avi 910 344 221 161 159
20160115_11.avi 953 215 134 172 171
20160115_11.avi 967 316 195 160 170
20160115_11.avi 999 310 250 165 167
20160115_11.avi 1031 422 167 157 162
20160115_11.avi 1060 250 296 155 159
20160115_11.avi 1094 296 278 155 155
20160115_11.avi 1116 322 164 163 161
20160115_11.avi 1146 344 221 164 163
20160115_11.avi 1174 330 220 161 156
20160115_11.avi 1228 216 156 177 175
20160115_11.avi 1259 414 173 175 172
20160115_11.avi 1295 394 241 157 156
20160115_11.avi 1322 455 282 157 155
20160115_11.avi 1362 236 117 168 169
20160115_11.avi 1389 213 134 174 173
20160115_11.avi 1426 192 136 177 177
20160115_11.avi 1459 144 239 168 163
20160115_11.avi 1493 237 350 121 121
20160115_11.avi 1505 273 367 106 107
20160115_11.avi 1520 223 330 100 97
20160115_11.avi 1550 254 332 91 93
20160115_11.avi 1590 362 265 113 115
20160115_11.avi 1625 398 196 165 164
20160115_11.avi 1656 418 221 213 209
20160115_11.avi 1696 44 205 226 214
20160115_11.avi 1737 318 330 195 196
20160115_11.avi 1767 354 241 179 179
20160115_11.avi 1789 322 236 193 193
20160115_11.avi 1821 531 177 190 180
20160115_11.avi 1843 439 230 172 169
20160115_11.avi 1877 165 290 185 187
20160115_11.avi 1913 318 277 181 186
20160115_11.avi 1953 295 246 171 173
20160115_11.avi 1977 279 290 166 169
20160115_11.avi 2003 398 176 165 167
20160115_11.avi 2016 326 281 164 166
20160115_11.avi 2048 110 173 187 184
20160115_11.avi 2064 306 160 175 177
20160115_11.avi 2094 274 214 171 171
20160115_11.avi 2123 236 210 135 133
20160115_11.avi 2155 68 175 148 140
20160115_11.avi 2185 360 154 139 139
20160115_11.avi 2218 374 187 137 138
20160115_11.avi 2251 486 172 161 155
20160115_11.avi 2276 516 206 169 159
20160115_11.avi 2305 296 172 149 148
20160115_11.avi 2348 310 215 149 151
20160115_11.avi 2394 316 162 141 141
20160115_11.avi 2446 434 170 151 151
20160115_11.avi 2465 377 169 162 166
20160115_11.avi 2486 316 174 169 171
20160115_11.avi 2508 459 143 169 179
20160115_11.avi 2539 462 226 175 167
20160115_11.avi 2551 286 178 157 159
20160115_11.avi 2565 198 202 161 160
20160115_11.avi 2592 258 258 175 175
20160115_11.avi 2608 258 270 179 179
20160115_11.avi 2621 337 268 170 178
20160115_11.avi 2642 282 342 181 182
20160115_11.avi 2666 528 278 181 173
20160115_11.avi 2704 446 253 195 191
20160115_11.avi 2731 431 218 180 179
20160115_11.avi 2765 332 338 151 155
20160115_11.avi 2796 296 145 121 124
20160120_0.avi 110 441 32 150 160
20160120_0.avi 131 270 73 144 165
20160120_0.avi 194 399 187 146 145
20160120_0.avi 234 430 202 147 145
20160120_0.avi 254 470 207 169 178
20160120_0.avi 267 473 274 179 169
20160120_0.avi 294 565 281 198 188
20160120_0.avi 315 526 150 195 181
20160120_0.avi 370 248 180 187 181
20160120_0.avi 397 506 158 209 199
20160120_0.avi 473 410 70 193 194
20160120_0.avi 494 408 115 200 200
20160120_0.avi 531 451 159 205 202
20160120_0.avi 587 533 188 220 210
20160120_0.avi 637 176 156 195 192
20160120_0.avi 679 435 248 202 198
20160120_0.avi 732 216 264 182 185
20160120_0.avi 772 265 222 198 197
20160120_0.avi 802 470 75 218 210
20160120_0.avi 930 467 114 253 238
20160120_0.avi 1035 329 36 283 286
20160120_0.avi 1043 331 90 280 282
20160120_0.avi 1073 450 108 291 290
20160120_0.avi 1085 338 61 287 288
20160120_0.avi 1115 357 182 308 310
20160120_0.avi 1147 489 201 309 299
20160120_0.avi 1317 380 154 225 222
20160120_0.avi 1335 440 162 223 217
20160120_0.avi 1355 448 197 221 216
20160120_0.avi 1385 454 260 227 225
20160120_0.avi 1408 437 303 229 229
20160120_1.avi 37 450 62 213 207
20160120_1.avi 59 387 94 204 205
20160120_1.avi 82 466 144 219 214
20160120_1.avi 110 460 237 241 238
20160120_1.avi 147 471 208 218 211
20160120_1.avi 179 462 201 207 204
20160120_1.avi 226 453 262 209 205
20160120_1.avi 255 344 326 213 219
20160120_1.avi 309 376 210 216 216
20160120_1.avi 412 257 252 244 245
20160120_1.avi 422 296 296 257 261
20160120_1.avi 448 404 314 272 273
20160120_1.avi 484 350 203 266 265
20160120_1.avi 524 255 196 238 239
20160120_1.avi 586 444 250 261 255
20160120_1.avi 621 399 322 264 267
20160120_1.avi 658 314 208 257 257
20160120_1.avi 718 388 222 273 271
20160120_1.avi 789 317 188 274 275
20160120_1.avi 867 261 205 310 313
20160120_1.avi 884 288 256 329 335
20160120_2.avi 1 484 104 209 205
20160120_2.avi 25 422 100 198 199
20160120_2.avi 53 410 96 215 218
20160120_2.avi 86 440 183 219 214
20160120_2.avi 124 458 254 234 231
20160120_2.avi 162 174 208 217 217
20160120_2.avi 186 291 229 224 225
20160120_2.avi 237 332 276 261 267
20160120_2.avi 277 213 96 276 276
20160120_2.avi 316 12 205 297 282
20160120_2.avi 397 30 236 307 278
20160120_2.avi 415 266 179 275 277
20160120_2.avi 470 47 90 322 311
20160120_2.avi 541 450 136 329 321
20160120_2.avi 570 347 127 287 278
20160120_2.avi 614 469 170 294 250
20160120_2.avi 648 446 188 259 255
20160120_2.avi 698 381 187 263 260
20160120_2.avi 748 383 159 277 276
20160120_2.avi 782 366 210 295 293
20160120_3.avi 4 294 66 314 317
20160120_3.avi 29 178 87 336 350
20160120_3.avi 69 186 299 207 212
20160120_3.avi 136 240 236 227 227
20160120_3.avi 222 223 244 234 230
20160120_3.avi 255 334 24 252 256
20160120_3.avi 486 432 237 259 252
20160120_3.avi 516 469 119 264 253
20160120_3.avi 570 196 79 261 274
20160120_3.avi 596 206 327 275 271
20160120_3.avi 639 374 166 343 337
20160120_3.avi 705 233 80 264 266
20160120_3.avi 760 252 1 256 256
20160120_3.avi 802 349 22 286 291
20160120_3.avi 880 393 91 324 316
20160120_4.avi 7 270 210 201 201
20160120_4.avi 23 248 204 200 197
20160120_4.avi 48 383 295 226 228
20160120_4.avi 74 482 212 241 227
20160120_4.avi 106 534 149 247 228
20160120_4.avi 136 424 70 221 221
20160120_4.avi 175 332 33 222 225
20160120_4.avi 205 332 116 241 239
20160120_4.avi 238 229 158 217 215
20160120_4.avi 270 304 248 217 215
20160120_4.avi 300 357 262 228 227
20160120_4.avi 334 346 254 227 225
20160120_4.avi 367 304 207 229 227
20160120_4.avi 396 302 102 229 234
20160120_4.avi 435 212 124 225 227
20160120_4.avi 463 224 239 237 236
20160120_4.avi 491 279 148 244 243
20160120_4.avi 523 299 156 256 255
20160120_4.avi 574 258 206 250 245
20160120_4.avi 610 330 132 253 249
20160120_4.avi 695 214 98 240 238
20160120_4.avi 755 161 164 268 265
20160120_4.avi 777 130 250 272 273
20160120_4.avi 806 382 232 269 265
20160120_4.avi 831 406 287 272 282
20160120_4.avi 840 436 321 278 276
20160120_5.avi 27 295 152 261 261
20160120_5.avi 37 183 109 241 241
20160120_5.avi 59 199 364 227 234
20160120_5.avi 82 234 72 247 251
20160120_5.avi 103 494 114 258 251
20160120_5.avi 116 398 260 239 241
20160120_5.avi 154 64 216 262 239
20160120_5.avi 169 215 90 262 244
20160120_5.avi 193 305 273 250 244
20160120_5.avi 217 226 232 263 261
20160120_5.avi 243 422 204 291 289
20160120_5.avi 280 160 174 287 283
20160120_5.avi 309 140 98 294 287
20160120_5.avi 348 20 12 309 301
20160120_5.avi 367 107 196 282 277
20160120_5.avi 403 24 254 286 276
20160120_5.avi 427 34 308 293 289
20160120_5.avi 456 247 151 300 330
20160120_5.avi 484 222 93 272 277
20160120_5.avi 528 212 116 275 274
20160120_5.avi 552 226 84 265 268
20160120_5.avi 585 243 106 285 289
20160120_5.avi 612 207 57 310 313
20160120_5.avi 640 155 31 309 314
20160120_5.avi 667 112 35 304 298
20160120_5.avi 711 64 79 289 282
20160120_5.avi 738 36 170 297 285
20160120_5.avi 785 260 57 343 346
20160120_5.avi 815 180 124 341 345
20160120_5.avi 856 120 146 343 339
20160120_5.avi 906 141 118 252 253
20160120_5.avi 952 164 160 249 247
ball1-26-16-1.avi 17 108 188 299 301
ball1-26-16-1.avi 32 180 132 285 308
ball1-26-16-1.avi 62 287 95 276 286
ball1-26-16-1.avi 74 359 233 263 259
ball1-26-16-1.avi 90 321 228 236 259
ball1-26-16-1.avi 114 317 224 252 247
ball1-26-16-1.avi 137 276 266 238 239
ball1-26-16-1.avi 157 303 246 242 218
ball1-26-16-1.avi 181 213 179 289 227
ball1-26-16-1.avi 199 298 168 263 254
ball1-26-16-1.avi 224 223 213 321 252
ball1-26-16-1.avi 249 273 171 307 258
ball1-26-16-1.avi 281 258 138 317 255
ball1-26-16-1.avi 326 224 204 307 252
ball1-26-16-1.avi 353 217 205 286 244
ball1-26-16-1.avi 390 216 194 273 241
ball1-26-16-1.avi 412 150 196 282 249
ball1-26-16-1.avi 435 249 164 265 255
ball1-26-16-1.avi 464 235 54 290 244
ball1-26-16-1.avi 485 255 168 301 244
ball1-26-16-1.avi 508 280 152 293 303
ball1-26-16-1.avi 535 290 155 243 280
ball1-26-16-1.avi 561 218 139 253 279
ball1-26-16-2.avi 11 423 334 269 264
ball1-26-16-2.avi 30 306 220 243 241
ball1-26-16-2.avi 61 344 194 240 235
ball1-26-16-2.avi 96 328 244 221 221
ball1-26-16-2.avi 129 246 220 253 253
ball1-26-16-2.avi 159 306 270 264 277
ball1-26-16-2.avi 191 128 143 285 280
ball1-26-16-2.avi 217 271 296 285 302
ball1-26-16-2.avi 234 382 161 292 285
ball1-26-16-2.avi 263 192 46 293 306
ball1-26-16-2.avi 286 200 146 290 302
ball1-26-16-2.avi 308 182 180 297 306
ball1-26-16-2.avi 329 143 223 307 340
ball1-26-16-2.avi 358 327 181 302 333
ball1-26-16-2.avi 382 367 237 303 296
ball1-26-16-2.avi 408 310 255 265 259
ball1-26-16-2.avi 440 340 254 316 245
ball1-26-16-2.avi 457 456 287 296 274
ball1-26-16-3.avi 31 184 177 316 314
ball1-26-16-3.avi 69 258 46 334 321
ball1-26-16-3.avi 105 224 120 294 259
ball1-26-16-3.avi 152 384 153 279 233
ball1-26-16-3.avi 194 344 116 248 232
ball1-26-16-3.avi 235 172 138 344 262
ball1-26-16-3.avi 264 322 110 271 255
ball1-26-16-3.avi 311 453 45 311 318
ball1-26-16-3.avi 349 301 93 284 276
ball1-26-16-3.avi 398 339 100 333 303
ball1-26-16-3.avi 438 298 47 315 310
ball1-26-16-3.avi 462 268 72 320 295
ball1-26-16-3.avi 479 270 115 291 293
ball1-26-16-3.avi 515 287 88 308 303
ball1-26-16-4.avi 19 426 310 186 164
ball1-26-16-4.avi 35 405 318 171 223
ball1-26-16-4.avi 58 360 218 195 161
ball1-26-16-4.avi 82 383 336 196 164
ball1-26-16-4.avi 116 334 306 218 155
ball1-26-16-4.avi 139 323 237 158 158
ball1-26-16-4.avi 168 350 256 167 172
ball1-26-16-4.avi 206 276 168 190 190
ball1-26-16-4.avi 229 177 242 203 203
ball1-26-16-4.avi 252 164 264 208 201
ball1-26-16-4.avi 277 160 246 187 200
ball1-26-16-4.avi 304 178 283 199 202
ball1-26-16-4.avi 337 205 220 198 212
ball1-26-16-4.avi 386 298 187 194 192
ball1-26-16-4.avi 426 318 232 175 175
ball1-26-16-4.avi 459 338 211 164 189
ball1-26-16-5.avi 1 323 210 173 174
ball1-26-16-5.avi 28 386 233 168 178
ball1-26-16-5.avi 62 482 380 163 163
ball1-26-16-5.avi 91 356 80 152 155
ball1-26-16-5.avi 158 116 148 172 175
ball1-26-16-5.avi 163 190 172 190 166
ball1-26-16-5.avi 166 212 183 157 158
ball1-26-16-5.avi 170 326 163 154 160
ball1-26-16-5.avi 177 399 184 161 155
ball1-26-16-5.avi 183 350 127 149 177
ball1-26-16-5.avi 188 356 96 148 188
ball1-26-16-5.avi 198 351 128 139 145
ball1-26-16-5.avi 216 326 208 133 127
ball1-26-16-5.avi 243 295 118 152 143
ball1-26-16-5.avi 282 228 107 158 201
ball1-26-16-5.avi 313 361 178 142 148
ball1-26-16-5.avi 363 454 160 154 153
ball1-26-16-5.avi 399 424 175 169 194
ball1-26-16-5.avi 446 451 248 172 171
ball1-26-16-5.avi 495 424 146 187 169
ball1-26-16-5.avi 521 374 223 194 180
ball1-26-16-5.avi 538 391 294 196 176
ball1-26-16-5.avi 560 375 310 160 166
ball1-26-16-5.avi 573 271 358 190 166
ball1-26-16-5.avi 594 368 288 180 168
ball1-26-16-5.avi 620 317 282 153 172
ball1-26-16-6.avi 1 348 360 216 215
ball1-26-16-6.avi 34 269 266 208 214
ball1-26-16-6.avi 86 220 60 381 381
ball1-26-16-6.avi 145 332 208 208 202
ball1-26-16-6.avi 170 377 275 175 170
ball1-26-16-6.avi 218 370 327 131 137
ball1-26-16-6.avi 268 442 243 177 179
ball1-26-16-6.avi 303 407 268 185 176
ball1-26-16-6.avi 365 377 160 200 218
ball1-26-16-6.avi 410 281 93 245 220
ball1-26-16-7.avi 7 407 403 178 175
ball1-26-16-7.avi 33 356 198 176 169
ball1-26-16-7.avi 89 330 121 300 280
ball1-26-16-7.avi 122 288 50 417 361
ball1-26-16-7.avi 147 240 76 431 430
ball1-26-16-7.avi 187 233 68 404 387
ball1-26-16-7.avi 216 265 97 451 451
ball1-26-16-7.avi 246 229 101 431 385
ball1-26-16-7.avi 282 239 1 427 438
ball1-26-16-7.avi 326 351 102 352 330
ball1-26-16-7.avi 359 310 1 361 322
ball1-26-16-8.avi 34 344 394 185 204
ball1-26-16-8.avi 50 281 278 208 223
ball1-26-16-8.avi 61 235 244 213 228
ball1-26-16-8.avi 70 252 206 228 232
ball1-26-16-8.avi 78 246 225 232 227
ball1-26-16-8.avi 88 246 211 249 251
ball1-26-16-8.avi 100 228 236 256 240
ball1-26-16-8.avi 106 226 230 261 226
ball1-26-16-8.avi 109 224 227 261 255
ball1-26-16-8.avi 112 232 222 264 262
ball1-26-16-8.avi 115 223 228 272 262
ball1-26-16-8.avi 119 230 221 267 261
ball1-26-16-8.avi 124 249 247 224 249
ball1-26-16-8.avi 131 271 207 256 262
ball1-26-16-8.avi 138 272 136 257 253
ball1-26-16-8.avi 148 373 303 250 270
ball1-26-16-8.avi 153 405 248 237 255
ball1-26-16-8.avi 157 387 297 236 209
ball1-26-16-8.avi 160 373 311 234 234
ball1-26-16-8.avi 163 351 328 225 227
ball1-26-16-8.avi 167 307 295 224 225
ball1-26-16-8.avi 171 298 314 219 224
ball1-26-16-8.avi 190 270 315 262 262
ball1-26-16-8.avi 199 318 232 241 239
ball1-26-16-8.avi 203 335 239 232 231
ball1-26-16-8.avi 208 329 298 217 219
ball1-26-16-8.avi 213 317 296 210 201
ball1-26-16-8.avi 217 312 242 205 203
ball1-26-16-8.avi 222 276 255 204 202
ball1-26-16-8.avi 226 328 272 201 202
ball1-26-16-8.avi 230 344 267 199 222
ball1-26-16-8.avi 234 322 227 185 198
ball1-26-16-8.avi 240 342 207 190 196
ball1-26-16-9.avi 10 287 338 256 260
ball1-26-16-9.avi 14 278 312 255 259
ball1-26-16-9.avi 41 212 91 339 351
ball1-26-16-9.avi 48 182 108 338 340
ball1-26-16-9.avi 62 294 20 365 377
ball1-26-16-9.avi 88 302 44 360 340
ball1-26-16-9.avi 107 319 50 337 393
ball1-26-16-9.avi 120 320 115 300 296
ball1-26-16-9.avi 137 328 98 297 287
ball1-26-16-9.avi 159 212 78 367 360
ball1-26-16-9.avi 177 234 1 439 434
ball1-26-16-9.avi 198 228 106 435 417
ball1-26-16-10.avi 30 410 244 185 187
ball1-26-16-10.avi 37 419 230 194 210
ball1-26-16-10.avi 43 419 228 164 160
ball1-26-16-10.avi 50 422 238 172 186
ball1-26-16-10.avi 55 415 232 163 169
ball1-26-16-10.avi 61 416 224 138 137
ball1-26-16-10.avi 68 413 225 131 131
ball1-26-16-10.avi 75 418 227 138 130
ball1-26-16-10.avi 82 410 216 130 119
ball1-26-16-10.avi 87 418 214 126 117
ball1-26-16-10.avi 92 432 208 125 116
ball1-26-16-10.avi 97 432 187 117 116
ball1-26-16-10.avi 102 436 197 102 107
ball1-26-16-10.avi 109 428 188 108 105
ball1-26-16-10.avi 117 424 180 90 99
ball1-26-16-10.avi 124 417 175 95 94
ball1-26-16-10.avi 131 415 171 91 89
ball1-26-16-10.avi 138 408 164 86 87
ball1-26-16-10.avi 145 397 170 88 85
ball1-26-16-10.avi 152 395 158 82 84
ball1-26-16-10.avi 159 384 158 88 76
ball1-26-16-10.avi 165 395 150 73 81
ball1-26-16-10.avi 171 385 147 80 72
ball1-26-16-10.avi 175 395 148 69 72
ball1-26-16-10.avi 180 383 146 69 77
ball1-26-16-10.avi 185 382 143 65 72
ball1-26-16-10.avi 190 376 142 69 70
ball1-26-16-10.avi 195 362 144 78 68
ball1-26-16-10.avi 201 366 152 62 62
ball1-26-16-11.avi 6 261 245 161 166
ball1-26-16-11.avi 10 258 232 158 171
ball1-26-16-11.avi 13 260 223 159 164
ball1-26-16-11.avi 18 236 186 158 171
ball1-26-16-11.avi 26 227 185 160 162
ball1-26-16-11.avi 36 264 163 161 168
ball1-26-16-11.avi 43 268 179 154 157
ball1-26-16-11.avi 52 287 207 185 164
ball1-26-16-11.avi 56 325 206 174 171
ball1-26-16-11.avi 62 334 224 180 169
ball1-26-16-11.avi 63 336 248 184 188
ball1-26-16-11.avi 70 345 253 186 189
ball1-26-16-11.avi 75 319 242 202 205
ball1-26-16-11.avi 80 308 223 207 210
ball1-26-16-11.avi 87 270 215 229 232
ball1-26-16-11.avi 97 330 167 247 245
ball1-26-16-11.avi 108 341 139 305 294
ball1-26-16-11.avi 118 303 127 328 323
ball1-26-16-11.avi 129 282 135 352 346
ball1-26-16-11.avi 140 255 87 338 347
ball1-26-16-11.avi 193 216 143 338 347
ball1-26-16-11.avi 218 239 181 277 270
ball1-26-16-11.avi 235 272 233 236 231
ball1-26-16-11.avi 260 245 191 207 234
ball1-26-16-11.avi 283 262 204 214 213
ball1-26-16-11.avi 305 352 217 192 182
ball1-26-16-11.avi 333 335 250 177 193
ball1-26-16-11.avi 359 415 107 209 228
ball1-26-16-11.avi 374 424 163 237 234
ball1-26-16-11.avi 380 415 132 256 239
ball1-26-16-11.avi 386 366 141 238 243
ball1-26-16-11.avi 406 477 64 282 271
ball1-26-16-11.avi 443 282 151 266 267
ball1-26-16-11.avi 479 345 213 260 244
ball1-26-16-11.avi 522 210 214 295 281
ball1-26-16-11.avi 557 182 238 293 274
ball1-26-16-11.avi 558 183 255 290 276
ball1-26-16-11.avi 606 188 287 280 272
ball1-26-16-11.avi 648 360 329 293 269
ball1-26-16-11.avi 688 318 236 239 259
ball1-26-16-11.avi 698 266 302 237 242
ball1-26-16-11.avi 717 213 247 222 224
ball1-26-16-11.avi 750 250 338 268 260
ball1-26-16-11.avi 788 310 191 283 274
ball1-26-16-11.avi 817 228 184 293 267
ball1-26-16-12.avi 1 389 203 241 253
ball1-26-16-12.avi 16 272 128 247 271
ball1-26-16-12.avi 29 282 96 250 262
ball1-26-16-12.avi 65 351 72 297 302
ball1-26-16-12.avi 83 326 110 336 336
ball1-26-16-12.avi 106 351 155 290 312
ball1-26-16-12.avi 134 330 133 287 295
ball1-26-16-12.avi 168 272 151 256 273
ball1-26-16-12.avi 226 341 224 255 273
ball1-26-16-12.avi 241 335 239 257 269
ball1-26-16-12.avi 275 272 101 221 207
ball1-26-16-12.avi 295 263 301 216 199
ball1-26-16-12.avi 323 345 269 225 234
ball1-26-16-12.avi 347 338 250 231 241
ball1-26-16-12.avi 368 321 254 212 203
ball1-26-16-12.avi 394 289 279 223 219
ball1-26-16-12.avi 426 386 259 233 235
ball1-26-16-12.avi 462 297 238 263 258
ball1-26-16-12.avi 484 247 27 329 307
ball1-26-16-12.avi 516 300 135 310 283
ball1-26-16-13.avi 1 192 50 320 317
ball1-26-16-13.avi 25 182 95 297 324
ball1-26-16-13.avi 44 255 298 250 247
ball1-26-16-13.avi 68 295 294 226 236
ball1-26-16-13.avi 93 252 273 307 231
ball1-26-16-13.avi 125 341 192 243 259
ball1-26-16-13.avi 155 371 211 310 272
ball1-26-16-13.avi 188 223 130 311 275
ball1-26-16-13.avi 222 239 159 296 290
ball1-26-16-13.avi 250 236 172 307 226
ball1-26-16-13.avi 251 223 185 321 321
ball1-26-16-13.avi 303 210 132 310 311
ball1-26-16-13.avi 363 186 95 251 272
ball1-26-16-13.avi 394 184 125 250 248
ball1-26-16-13.avi 434 79 212 315 292
ball1-26-16-13.avi 475 332 135 337 329
ball1-26-16-13.avi 510 314 163 286 283
2-10-16ball1.avi 2 276 375 132 146
2-10-16ball1.avi 3 282 352 151 145
2-10-16ball1.avi 12 278 287 146 148
2-10-16ball1.avi 22 283 256 135 152
2-10-16ball1.avi 37 244 335 137 152
2-10-16ball1.avi 47 241 333 144 180
2-10-16ball1.avi 66 261 351 161 162
2-10-16ball1.avi 91 226 292 200 201
2-10-16ball1.avi 106 290 362 207 219
2-10-16ball1.avi 121 314 356 203 212
2-10-16ball1.avi 172 367 367 177 209
2-10-16ball1.avi 204 374 352 195 209
2-10-16ball1.avi 220 420 251 188 182
2-10-16ball1.avi 232 382 271 163 171
2-10-16ball1.avi 251 366 287 183 177
2-10-16ball1.avi 263 339 319 204 207
2-10-16ball1.avi 275 334 284 219 219
2-10-16ball1.avi 285 394 263 214 216
2-10-16ball1.avi 304 358 319 209 232
2-10-16ball1.avi 324 303 360 199 218
2-10-16ball1.avi 329 324 372 198 219
2-10-16ball1.avi 345 324 330 201 198
2-10-16ball1.avi 363 328 325 231 228
2-10-16ball1.avi 383 359 240 294 282
2-10-16ball1.avi 392 328 197 325 323
2-10-16ball1.avi 411 279 206 383 376
2-10-16ball1.avi 426 260 246 365 352
2-10-16ball1.avi 456 295 323 215 220
2-10-16ball1.avi 469 334 303 181 178
2-10-16ball1.avi 492 239 231 161 158
2-10-16ball1.avi 515 144 224 167 170
2-10-16ball1.avi 563 310 412 160 186
2-10-16ball1.avi 595 292 419 157 164
2-10-16ball1.avi 606 255 412 162 163
ball1-26-16-10.avi 21 367 280 206 220
ball1-26-16-10.avi 27 400 255 189 181
ball1-26-16-10.avi 32 415 239 182 193
ball1-26-16-10.avi 39 425 236 171 171
ball1-26-16-10.avi 44 423 228 163 161
ball1-26-16-10.avi 50 429 238 146 150
ball1-26-16-10.avi 56 418 227 145 144
ball1-26-16-10.avi 62 417 229 137 136
ball1-26-16-10.avi 68 413 225 131 131
ball1-26-16-10.avi 74 417 226 139 137
ball1-26-16-10.avi 80 412 220 132 132
ball1-26-16-10.avi 86 412 220 128 119
ball1-26-16-10.avi 92 436 208 109 102
ball1-26-16-10.avi 98 433 185 105 106
ball1-26-16-10.avi 104 431 190 97 101
ball1-26-16-10.avi 110 431 186 95 96
ball1-26-16-10.avi 116 425 178 95 98
ball1-26-16-10.avi 121 419 180 89 89
ball1-26-16-10.avi 127 416 174 93 91
ball1-26-16-10.avi 133 413 170 88 89
ball1-26-16-10.avi 141 408 168 84 86
ball1-26-16-10.avi 146 406 163 88 90
ball1-26-16-10.avi 151 400 167 76 83
ball1-26-16-10.avi 156 392 164 79 77
ball1-26-16-10.avi 161 391 158 80 76
ball1-26-16-10.avi 166 390 157 75 77
ball1-26-16-10.avi 171 385 147 80 72
ball1-26-16-10.avi 174 396 147 68 72
ball1-26-16-10.avi 180 383 151 69 72
ball1-26-16-10.avi 184 382 145 66 71
ball1-26-16-10.avi 188 373 144 74 69
ball1-26-16-10.avi 192 375 141 66 69
ball1-26-16-10.avi 197 372 143 62 67
ball1-26-16-10.avi 201 366 152 62 62
ball1-26-16-12.avi 8 338 202 228 293
ball1-26-16-12.avi 14 279 132 252 253
ball1-26-16-12.avi 19 274 137 252 253
ball1-26-16-12.avi 24 284 114 252 253
ball1-26-16-12.avi 30 270 101 252 253
ball1-26-16-12.avi 38 275 105 252 253
ball1-26-16-12.avi 46 285 101 252 253
ball1-26-16-12.avi 53 254 116 280 284
ball1-26-16-12.avi 58 266 121 297 283
ball1-26-16-12.avi 63 331 82 292 299
ball1-26-16-12.avi 68 331 53 324 315
ball1-26-16-12.avi 74 336 72 339 336
ball1-26-16-12.avi 79 330 98 337 324
ball1-26-16-12.avi 85 325 109 334 330
ball1-26-16-12.avi 91 353 116 329 329
ball1-26-16-12.avi 92 358 118 329 325
ball1-26-16-12.avi 94 362 115 323 326
ball1-26-16-12.avi 96 352 123 319 315
ball1-26-16-12.avi 98 356 117 314 314
ball1-26-16-12.avi 100 353 123 309 307
ball1-26-16-12.avi 102 342 133 299 299
ball1-26-16-12.avi 104 343 135 294 304
ball1-26-16-12.avi 106 351 85 290 360
ball1-26-16-12.avi 107 351 156 303 304
ball1-26-16-12.avi 109 340 152 285 304
ball1-26-16-12.avi 111 339 159 283 292
ball1-26-16-12.avi 113 340 150 278 287
ball1-26-16-12.avi 116 338 156 275 275
ball1-26-16-12.avi 119 325 134 275 281
ball1-26-16-12.avi 123 332 127 276 293
ball1-26-16-12.avi 127 329 134 289 334
ball1-26-16-12.avi 131 330 140 295 299
ball1-26-16-12.avi 134 331 140 286 288
ball1-26-16-12.avi 136 324 146 300 287
ball1-26-16-12.avi 139 334 136 303 289
ball1-26-16-12.avi 142 316 132 302 297
ball1-26-16-12.avi 145 314 139 302 285
ball1-26-16-12.avi 148 322 144 290 296
ball1-26-16-12.avi 151 343 148 284 289
ball1-26-16-12.avi 154 348 150 280 281
ball1-26-16-12.avi 158 314 147 275 280
ball1-26-16-12.avi 162 311 111 239 269
ball1-26-16-12.avi 167 284 160 270 268
ball1-26-16-12.avi 174 293 133 281 299
ball1-26-16-12.avi 180 362 296 289 302
ball1-26-16-12.avi 225 367 236 244 264
ball1-26-16-12.avi 227 351 258 250 254
ball1-26-16-12.avi 232 321 291 240 246
ball1-26-16-12.avi 233 313 280 254 247
ball1-26-16-12.avi 235 345 283 254 253
ball1-26-16-12.avi 241 335 260 234 248
ball1-26-16-12.avi 263 313 55 235 240
ball1-26-16-12.avi 275 272 92 219 216
ball1-26-16-12.avi 284 266 254 182 194
ball1-26-16-12.avi 295 263 301 216 199
ball1-26-16-12.avi 307 277 240 203 208
ball1-26-16-12.avi 334 322 250 249 239
ball1-26-16-12.avi 355 347 276 229 236
ball1-26-16-12.avi 370 304 232 216 230
ball1-26-16-12.avi 388 277 266 227 220
ball1-26-16-12.avi 412 327 245 228 230
ball1-26-16-12.avi 466 134 217 275 267
ball1-26-16-12.avi 473 189 109 281 282
ball1-26-16-12.avi 497 347 100 314 300
ball1-26-16-13.avi 3 192 79 312 312
ball1-26-16-13.avi 7 184 95 311 305
ball1-26-16-13.avi 10 189 78 309 307
ball1-26-16-13.avi 13 184 71 309 309
ball1-26-16-13.avi 17 174 65 309 306
ball1-26-16-13.avi 23 175 80 302 315
ball1-26-16-13.avi 37 223 176 280 266
ball1-26-16-13.avi 37 223 176 280 266
ball1-26-16-13.avi 47 285 286 239 239
ball1-26-16-13.avi 55 223 287 254 236
ball1-26-16-13.avi 65 264 306 253 224
ball1-26-16-13.avi 78 302 268 217 216
ball1-26-16-13.avi 96 344 269 227 236
ball1-26-16-13.avi 112 400 277 229 228
ball1-26-16-13.avi 131 323 185 248 246
ball1-26-16-13.avi 152 388 216 275 267
ball1-26-16-13.avi 173 112 121 298 276
ball1-26-16-13.avi 199 287 122 283 278
ball1-26-16-13.avi 219 223 141 318 288
ball1-26-16-13.avi 244 206 163 322 318
ball1-26-16-13.avi 272 128 148 327 315
ball1-26-16-13.avi 273 120 140 328 325
ball1-26-16-13.avi 277 111 165 318 318
ball1-26-16-13.avi 290 155 209 316 299
ball1-26-16-13.avi 295 175 206 317 290
ball1-26-16-13.avi 304 206 124 314 298
ball1-26-16-13.avi 315 114 143 342 300
ball1-26-16-13.avi 336 174 102 289 267
ball1-26-16-13.avi 344 152 126 270 275
ball1-26-16-13.avi 358 189 139 254 248
ball1-26-16-13.avi 369 191 48 255 269
ball1-26-16-13.avi 384 128 144 253 241
ball1-26-16-13.avi 398 202 92 253 255
ball1-26-16-13.avi 419 175 222 276 270
ball1-26-16-13.avi 432 92 196 323 300
ball1-26-16-13.avi 441 122 271 326 315
ball1-26-16-13.avi 445 215 278 321 319
ball1-26-16-13.avi 459 252 158 361 369
ball1-26-16-13.avi 469 329 96 359 348
ball1-26-16-13.avi 492 260 153 288 287
ball1-26-16-7.avi 9 392 426 183 170
ball1-26-16-7.avi 28 322 206 176 163
ball1-26-16-7.avi 37 380 210 165 164
ball1-26-16-7.avi 48 372 196 181 175
ball1-26-16-7.avi 59 363 153 200 188
ball1-26-16-7.avi 71 318 152 235 224
ball1-26-16-7.avi 87 319 122 292 273
ball1-26-16-7.avi 102 275 95 365 304
ball1-26-16-7.avi 125 299 44 405 375
ball1-26-16-7.avi 140 251 41 447 425
ball1-26-16-7.avi 157 279 61 390 387
ball1-26-16-7.avi 166 293 119 378 373
ball1-26-16-7.avi 179 228 109 397 356
ball1-26-16-7.avi 189 234 59 409 421
ball1-26-16-7.avi 213 270 104 453 463
ball1-26-16-7.avi 221 280 98 440 422
ball1-26-16-7.avi 239 297 101 393 387
ball1-26-16-7.avi 267 191 115 411 381
ball1-26-16-7.avi 290 268 34 414 435
ball1-26-16-7.avi 331 366 83 338 342
ball1-26-16-7.avi 342 340 78 348 297
ball1-26-16-7.avi 355 334 63 299 291
2-10-16ball2.avi 1 238 368 135 146
2-10-16ball2.avi 14 236 367 135 147
2-10-16ball2.avi 36 262 373 142 144
2-10-16ball2.avi 57 276 414 140 151
2-10-16ball2.avi 73 320 390 138 143
2-10-16ball2.avi 89 298 437 166 156
2-10-16ball2.avi 147 383 411 136 149
2-10-16ball2.avi 154 375 350 143 148
2-10-16ball2.avi 161 372 341 141 142
2-10-16ball2.avi 168 392 367 147 136
2-10-16ball2.avi 177 397 367 146 135
2-10-16ball2.avi 186 396 347 145 139
2-10-16ball2.avi 189 393 339 145 137
2-10-16ball2.avi 196 411 328 141 137
2-10-16ball2.avi 206 399 348 141 144
2-10-16ball2.avi 216 376 380 142 139
2-10-16ball2.avi 230 376 396 148 140
2-10-16ball2.avi 253 382 406 146 142
2-10-16ball2.avi 253 382 406 146 142
2-10-16ball3.avi 1 460 305 284 255
2-10-16ball3.avi 10 482 293 294 260
2-10-16ball3.avi 27 307 289 285 249
2-10-16ball3.avi 44 289 264 255 251
2-10-16ball3.avi 64 282 131 271 237
2-10-16ball3.avi 78 251 191 260 250
2-10-16ball3.avi 90 256 157 224 238
2-10-16ball3.avi 105 358 149 233 214
2-10-16ball3.avi 121 331 263 189 202
2-10-16ball3.avi 133 242 257 206 200
2-10-16ball3.avi 155 187 332 230 244
2-10-16ball3.avi 210 75 317 246 236
2-10-16ball3.avi 221 223 159 209 193
2-10-16ball3.avi 232 279 106 213 177
2-10-16ball3.avi 246 247 101 222 152
2-10-16ball3.avi 255 348 120 142 140
2-10-16ball3.avi 258 362 126 136 144
2-10-16ball3.avi 262 369 149 134 136
2-10-16ball3.avi 267 382 166 133 138
2-10-16ball3.avi 274 371 182 132 139
2-10-16ball3.avi 281 344 178 136 135
2-10-16ball3.avi 287 321 163 127 133
2-10-16ball3.avi 294 316 156 124 132
2-10-16ball3.avi 310 400 166 127 118
2-10-16ball3.avi 330 389 196 118 122
2-10-16ball4.avi 2 115 106 198 192
2-10-16ball4.avi 6 220 60 187 200
2-10-16ball4.avi 12 172 130 181 178
2-10-16ball4.avi 18 134 160 176 167
2-10-16ball4.avi 24 89 164 193 187
2-10-16ball4.avi 33 166 224 171 181
2-10-16ball4.avi 42 298 244 169 171
2-10-16ball4.avi 49 239 230 177 156
2-10-16ball4.avi 65 328 246 180 171
2-10-16ball4.avi 69 297 230 184 183
2-10-16ball4.avi 76 346 238 187 177
2-10-16ball4.avi 87 300 232 183 171
2-10-16ball4.avi 98 323 247 180 178
2-10-16ball4.avi 109 272 268 181 176
2-10-16ball4.avi 119 394 271 211 209
2-10-16ball4.avi 130 362 299 179 181
2-10-16ball4.avi 140 364 252 171 153
2-10-16ball4.avi 147 412 254 169 154
2-10-16ball4.avi 165 554 357 177 164
2-10-16ball4.avi 179 508 294 167 164
2-10-16ball4.avi 191 492 309 157 155
2-10-16ball4.avi 203 460 302 155 141
2-10-16ball4.avi 227 354 294 156 155
2-10-16ball4.avi 242 409 213 151 150
2-10-16ball4.avi 264 364 192 157 164
2-10-16ball4.avi 277 314 112 161 164
2-10-16ball5.avi 22 30 338 266 247
2-10-16ball5.avi 31 160 347 257 241
2-10-16ball5.avi 42 297 299 231 222
2-10-16ball5.avi 53 327 159 219 214
2-10-16ball5.avi 67 390 167 234 222
2-10-16ball5.avi 83 322 143 197 202
2-10-16ball5.avi 85 306 170 193 198
2-10-16ball5.avi 86 304 191 187 190
2-10-16ball5.avi 87 296 208 184 195
2-10-16ball5.avi 91 274 253 175 179
2-10-16ball5.avi 94 260 254 171 171
2-10-16ball5.avi 97 256 248 164 161
2-10-16ball5.avi 100 253 233 161 154
2-10-16ball5.avi 103 255 227 180 162
2-10-16ball5.avi 108 242 211 142 144
2-10-16ball5.avi 113 228 210 139 131
2-10-16ball5.avi 117 226 213 126 126
2-10-16ball5.avi 122 224 199 125 123
2-10-16ball5.avi 127 232 184 127 117
2-10-16ball5.avi 132 271 193 122 123
2-10-16ball5.avi 138 297 205 121 116
2-10-16ball5.avi 143 326 219 115 86
2-10-16ball5.avi 149 353 185 111 113
2-10-16ball5.avi 156 374 186 117 112
2-10-16ball5.avi 165 347 204 108 108
2-10-16ball5.avi 173 324 195 111 112
2-10-16ball5.avi 182 352 199 119 115
2-10-16ball5.avi 193 362 190 118 121
2-10-16ball5.avi 206 324 230 133 123
2-10-16ball5.avi 217 339 258 118 134
2-10-16ball5.avi 228 333 278 124 139
2-10-16ball5.avi 241 321 254 142 149
2-10-16ball5.avi 251 336 211 163 162
2-10-16ball5.avi 278 261 194 207 206
2-10-16ball5.avi 293 259 256 236 203
2-10-16ball5.avi 308 310 221 250 239
2-10-16ball5.avi 329 334 163 218 218
2-10-16ball5.avi 343 376 165 208 186
2-10-16ball5.avi 363 358 196 157 141
2-10-16ball5.avi 376 496 104 150 153
2-10-16ball5.avi 388 371 206 140 131
2-10-16ball5.avi 391 346 157 134 131
2-10-16ball5.avi 396 307 136 148 141
2-10-16ball5.avi 402 270 154 149 151
2-10-16ball5.avi 412 322 160 142 144
2-10-16ball5.avi 418 305 146 142 136
2-10-16ball5.avi 425 327 166 143 138
2-10-16ball6.avi 1 128 136 105 104
2-10-16ball6.avi 6 126 137 103 95
2-10-16ball6.avi 12 118 131 106 105
2-10-16ball6.avi 18 128 131 107 106
2-10-16ball6.avi 24 155 150 102 102
2-10-16ball6.avi 31 190 168 98 102
2-10-16ball6.avi 37 204 183 101 99
2-10-16ball6.avi 44 225 196 92 91
2-10-16ball6.avi 51 237 201 91 94
2-10-16ball6.avi 58 250 196 90 87
2-10-16ball6.avi 67 272 201 89 84
2-10-16ball6.avi 76 239 213 102 87
2-10-16ball6.avi 86 215 210 101 95
2-10-16ball6.avi 95 231 250 102 99
2-10-16ball6.avi 104 256 236 112 103
2-10-16ball6.avi 111 239 225 115 114
2-10-16ball6.avi 117 255 248 114 119
2-10-16ball6.avi 123 287 263 122 123
2-10-16ball6.avi 129 308 264 132 129
2-10-16ball6.avi 135 303 304 138 139
2-10-16ball6.avi 140 298 299 141 142
2-10-16ball6.avi 145 303 290 145 146
2-10-16ball6.avi 151 300 291 150 153
2-10-16ball6.avi 158 329 299 148 148
2-10-16ball6.avi 164 372 271 149 147
2-10-16ball6.avi 171 391 281 151 154
2-10-16ball6.avi 179 382 300 161 156
2-10-16ball6.avi 186 374 282 158 150
2-10-16ball6.avi 194 379 244 145 147
2-10-16ball6.avi 200 377 246 147 148
2-10-16ball6.avi 206 338 229 142 160
2-10-16ball6.avi 213 303 203 131 127
2-10-16ball6.avi 220 263 210 156 145
2-10-16ball6.avi 227 255 210 145 153
2-10-16ball6.avi 234 270 208 152 154
2-10-16ball6.avi 240 250 226 150 127
2-10-16ball6.avi 248 277 250 139 124
2-10-16ball6.avi 255 264 266 145 138
2-10-16ball6.avi 263 243 298 139 149
2-10-16ball6.avi 269 238 314 136 139
2-10-16ball6.avi 275 239 323 135 133
2-10-16ball6.avi 283 220 350 137 141
2-10-16ball6.avi 289 220 367 134 144
2-10-16ball6.avi 297 226 374 134 139
2-10-16ball6.avi 304 221 365 146 152
2-10-16ball6.avi 311 237 362 146 151
2-10-16ball6.avi 317 239 363 132 151
2-10-16ball6.avi 323 242 358 134 143
2-10-16ball6.avi 333 248 355 135 135
2-10-16ball6.avi 341 250 349 141 155
2-10-16ball6.avi 351 229 403 147 155
2-10-16ball6.avi 358 214 434 152 148
2-10-16ball6.avi 365 234 392 142 140
2-10-16ball6.avi 376 266 366 155 158
2-10-16ball6.avi 389 287 396 114 122
2-10-16ball6.avi 389 287 396 114 122
2-10-16ball6.avi 389 287 396 114 122
2-10-16ball7.avi 32 213 266 203 189
2-10-16ball7.avi 37 200 248 202 185
2-10-16ball7.avi 42 196 219 220 183
2-10-16ball7.avi 47 220 202 215 179
2-10-16ball7.avi 52 221 191 205 186
2-10-16ball7.avi 58 224 218 203 187
2-10-16ball7.avi 64 191 207 205 194
2-10-16ball7.avi 70 256 150 213 192
2-10-16ball7.avi 77 239 154 209 201
2-10-16ball7.avi 83 245 157 182 176
2-10-16ball7.avi 89 232 251 177 161
2-10-16ball7.avi 96 248 362 160 156
2-10-16ball7.avi 102 313 336 150 139
2-10-16ball7.avi 109 371 301 164 147
2-10-16ball7.avi 116 327 323 146 129
2-10-16ball7.avi 123 284 307 141 128
2-10-16ball7.avi 129 235 303 136 132
2-10-16ball7.avi 136 185 296 122 129
2-10-16ball7.avi 143 133 302 144 130
2-10-16ball7.avi 150 118 288 146 133
2-10-16ball7.avi 153 135 288 138 128
2-10-16ball7.avi 164 368 295 141 128
2-10-16ball7.avi 169 384 291 153 130
2-10-16ball7.avi 174 358 252 158 150
2-10-16ball7.avi 179 340 239 156 130
2-10-16ball7.avi 184 336 218 122 139
2-10-16ball7.avi 188 332 234 161 140
2-10-16ball7.avi 194 398 254 147 138
2-10-16ball7.avi 200 392 246 171 140
2-10-16ball7.avi 207 397 216 139 137
2-10-16ball7.avi 213 382 197 164 142
2-10-16ball7.avi 219 340 254 172 147
2-10-16ball7.avi 225 342 233 156 160
2-10-16ball7.avi 231 328 214 185 171
2-10-16ball7.avi 239 327 194 182 190
2-10-16ball7.avi 245 320 190 202 188
2-10-16ball7.avi 251 308 174 189 200
2-10-16ball7.avi 258 295 148 164 200
2-10-16ball7.avi 264 261 137 194 200
2-10-16ball7.avi 270 267 117 245 225
2-10-16ball7.avi 276 258 114 253 233
2-10-16ball7.avi 282 213 86 248 237
2-10-16ball7.avi 288 247 87 222 236
2-10-16ball7.avi 294 236 92 256 245
2-10-16ball7.avi 300 252 84 246 237
2-10-16ball8.avi 34 236 37 124 109
2-10-16ball8.avi 38 235 32 119 112
2-10-16ball8.avi 44 271 26 120 109
2-10-16ball8.avi 48 293 31 116 113
2-10-16ball8.avi 54 295 45 124 105
2-10-16ball8.avi 60 285 47 118 99
2-10-16ball8.avi 66 282 79 123 103
2-10-16ball8.avi 73 285 78 136 123
2-10-16ball8.avi 75 278 62 138 141
2-10-16ball8.avi 78 277 63 143 131
2-10-16ball8.avi 83 300 83 138 140
2-10-16ball8.avi 88 299 103 149 145
2-10-16ball8.avi 93 297 106 160 135
2-10-16ball8.avi 98 302 111 162 168
2-10-16ball8.avi 103 310 127 167 161
2-10-16ball8.avi 105 302 127 173 173
2-10-16ball8.avi 108 294 140 177 192
2-10-16ball8.avi 113 280 144 197 192
2-10-16ball8.avi 120 282 128 197 213
2-10-16ball8.avi 127 301 144 205 199
2-10-16ball8.avi 135 302 139 201 205
2-10-16ball8.avi 142 279 158 207 195
2-10-16ball8.avi 148 263 126 208 211
2-10-16ball8.avi 154 293 106 212 215
2-10-16ball8.avi 161 312 95 225 228
2-10-16ball8.avi 167 268 106 244 263
2-10-16ball8.avi 175 271 143 260 274
2-10-16ball8.avi 185 317 167 260 286
2-10-16ball8.avi 191 300 149 270 295
2-10-16ball8.avi 198 299 150 232 278
2-10-16ball8.avi 210 268 146 263 271
2-10-16ball8.avi 215 291 169 263 271
2-10-16ball8.avi 227 260 184 287 286
2-10-16ball8.avi 231 264 211 287 286
2-10-16ball8.avi 241 181 221 287 286
2-10-16ball8.avi 258 235 241 287 286
2-10-16ball8.avi 284 241 204 287 286
2-10-16ball8.avi 317 322 204 287 286
2-10-16ball8.avi 334 420 112 287 286
2-10-16ball8.avi 366 472 174 234 240
2-10-16ball8.avi 389 310 98 218 216
2-10-16ball8.avi 406 272 139 219 205
2-10-16ball8.avi 421 255 162 211 207
2-10-16ball9.avi 1 201 74 168 170
2-10-16ball9.avi 4 200 74 164 168
2-10-16ball9.avi 7 194 62 167 167
2-10-16ball9.avi 11 189 54 169 171
2-10-16ball9.avi 16 189 58 167 156
2-10-16ball9.avi 22 191 64 172 167
2-10-16ball9.avi 26 234 66 162 164
2-10-16ball9.avi 30 266 78 166 166
2-10-16ball9.avi 36 282 82 169 166
2-10-16ball9.avi 40 278 90 167 167
2-10-16ball9.avi 47 253 95 166 165
2-10-16ball9.avi 52 255 132 168 152
2-10-16ball9.avi 60 253 113 170 161
2-10-16ball9.avi 70 280 99 182 158
2-10-16ball9.avi 77 292 79 190 178
2-10-16ball9.avi 84 299 88 220 197
2-10-16ball9.avi 95 301 87 224 221
2-10-16ball9.avi 104 277 60 249 238
2-10-16ball9.avi 122 229 52 250 236
2-10-16ball9.avi 143 287 22 256 250
2-10-16ball9.avi 159 264 26 255 257
2-10-16ball9.avi 177 234 31 262 262
2-10-16ball9.avi 232 140 90 285 298
2-10-16ball9.avi 245 190 60 289 278
2-10-16ball9.avi 257 155 118 284 258
2-10-16ball9.avi 270 134 143 255 237
2-10-16ball9.avi 289 236 157 203 222
2-10-16ball9.avi 324 278 146 162 157
2-10-16ball9.avi 341 260 111 167 161
2-10-16ball9.avi 352 267 64 174 163
2-10-16ball9.avi 375 374 115 224 210
2-10-16ball9.avi 395 272 47 253 246
2-10-16ball9.avi 412 270 17 275 268
2-10-16ball9.avi 435 236 48 289 283
2-10-16ball10.avi 1 199 163 264 233
2-10-16ball10.avi 17 191 170 198 183
2-10-16ball10.avi 23 227 186 186 184
2-10-16ball10.avi 32 288 118 157 166
2-10-16ball10.avi 52 320 111 166 165
2-10-16ball10.avi 75 351 159 142 140
2-10-16ball10.avi 90 303 145 134 132
2-10-16ball10.avi 107 296 138 131 130
2-10-16ball10.avi 130 261 125 141 128
2-10-16ball10.avi 146 232 153 151 145
2-10-16ball10.avi 177 173 135 195 209
2-10-16ball10.avi 194 199 175 248 202
2-10-16ball10.avi 205 160 191 244 195
2-10-16ball10.avi 221 180 223 194 178
2-10-16ball10.avi 234 231 154 241 197
2-10-16ball10.avi 297 470 224 187 171
2-10-16ball10.avi 309 353 206 190 159
2-10-16ball10.avi 339 337 234 211 184
2-10-16ball10.avi 359 232 192 256 236
2-10-16ball10.avi 368 202 146 280 269
2-10-16ball10.avi 389 268 47 354 338
2-10-16ball11.avi 64 265 163 162 147
2-10-16ball11.avi 84 271 152 170 146
2-10-16ball11.avi 108 319 158 156 149
2-10-16ball11.avi 116 318 174 162 163
2-10-16ball11.avi 126 297 218 192 183
2-10-16ball11.avi 141 243 354 178 182
2-10-16ball11.avi 148 223 383 170 162
2-10-16ball11.avi 156 296 338 155 174
2-10-16ball11.avi 168 332 318 166 194
2-10-16ball11.avi 178 359 302 168 167
2-10-16ball11.avi 192 332 246 156 154
2-10-16ball11.avi 209 347 206 181 152
2-10-16ball11.avi 222 396 227 138 144
2-10-16ball11.avi 232 388 226 148 150
2-10-16ball11.avi 243 413 222 152 147
2-10-16ball11.avi 254 382 198 158 139
2-10-16ball11.avi 268 302 173 134 136
2-10-16ball11.avi 287 279 198 131 129
2-10-16ball11.avi 314 278 253 145 138
2-10-16ball11.avi 334 255 288 164 134
2-10-16ball11.avi 338 270 291 138 126
2-10-16ball12.avi 1 162 222 154 162
2-10-16ball12.avi 12 155 207 155 160
2-10-16ball12.avi 38 239 190 155 193
2-10-16ball12.avi 56 326 234 176 178
2-10-16ball12.avi 71 361 119 210 200
2-10-16ball12.avi 81 314 104 240 220
2-10-16ball12.avi 90 327 95 261 262
2-10-16ball12.avi 100 268 79 288 289
2-10-16ball12.avi 110 287 207 278 257
2-10-16ball12.avi 130 346 208 253 240
2-10-16ball12.avi 143 312 255 231 231
2-10-16ball12.avi 155 300 207 186 194
2-10-16ball12.avi 163 328 189 184 194
2-10-16ball12.avi 170 373 110 192 210
2-10-16ball12.avi 178 326 141 199 211
2-10-16ball12.avi 191 336 139 217 219
2-10-16ball12.avi 201 335 157 219 222
2-10-16ball12.avi 213 359 209 216 215
2-10-16ball12.avi 222 394 181 197 198
2-10-16ball12.avi 232 389 231 220 205
2-10-16ball12.avi 243 391 235 170 174
2-10-16ball12.avi 251 365 232 158 174
2-10-16ball12.avi 264 280 231 152 158
2-10-16ball12.avi 278 127 199 158 159
2-10-16ball12.avi 289 149 191 171 161
2-10-16ball12.avi 298 168 207 181 160
2-10-16ball13.avi 33 196 108 204 197
2-10-16ball13.avi 60 284 141 196 200
2-10-16ball13.avi 78 301 230 207 194
2-10-16ball13.avi 104 281 238 190 179
2-10-16ball13.avi 119 243 177 177 172
2-10-16ball13.avi 136 303 190 185 173
2-10-16ball13.avi 151 332 205 188 180
2-10-16ball13.avi 165 345 224 212 193
2-10-16ball13.avi 179 359 174 225 207
2-10-16ball13.avi 195 351 166 254 232
2-10-16ball13.avi 206 389 173 254 230
2-10-16ball13.avi 230 345 168 271 234
2-10-16ball13.avi 252 226 109 263 251
2-10-16ball13.avi 286 263 164 281 237
2-10-16ball13.avi 311 200 196 282 231
2-10-16ball13.avi 324 261 287 216 222
2-10-16ball13.avi 338 184 312 258 241
2-10-16ball13.avi 351 330 271 213 199
2-10-16ball13.avi 356 355 269 220 230
2-10-16ball13.avi 370 390 314 236 242
2-10-16ball13.avi 374 393 349 238 246
2-10-16ball13.avi 388 448 295 235 226
2-10-16ball13.avi 399 455 281 248 224
2-10-16ball13.avi 419 496 315 233 226
2-10-16ball13.avi 434 414 212 207 211
2-10-16ball14.avi 2 171 294 89 80
2-10-16ball14.avi 6 190 312 73 78
2-10-16ball14.avi 41 321 265 77 66
2-10-16ball14.avi 86 396 218 80 81
2-10-16ball14.avi 115 398 199 84 81
2-10-16ball14.avi 131 386 175 79 79
2-10-16ball14.avi 156 436 167 73 86
2-10-16ball14.avi 177 474 167 69 73
2-10-16ball14.avi 208 538 173 70 75
2-10-16ball14.avi 236 336 174 65 67
2-10-16ball14.avi 249 321 206 71 68
2-10-16ball14.avi 271 339 209 62 69
2-10-16ball14.avi 316 275 187 77 83
2-10-16ball14.avi 354 285 208 86 87
2-10-16ball14.avi 368 322 180 99 96
2-10-16ball14.avi 401 302 165 101 101
2-10-16ball14.avi 440 365 222 100 100
2-10-16ball14.avi 466 351 162 97 95
2-10-16ball14.avi 495 395 159 94 92
2-10-16ball14.avi 526 408 282 83 80
2-10-16ball14.avi 550 424 326 86 90
2-10-16ball14.avi 552 356 340 91 95
2-10-16ball14.avi 558 103 406 138 139
2-10-16ball14.avi 560 32 432 155 151
2-10-16ball14.avi 567 57 439 140 143
2-10-16ball14.avi 576 247 397 108 116
2-10-16ball14.avi 581 247 384 89 88
2-10-16ball14.avi 585 240 359 93 88
2-10-16ball14.avi 589 244 323 79 82
2-10-16ball14.avi 593 252 303 67 71
2-10-16ball14.avi 597 272 303 58 61
2-10-16ball14.avi 602 314 320 52 48
2-10-16ball14.avi 608 334 325 48 51
2-10-16ball14.avi 614 313 306 44 46
2-10-16ball14.avi 622 292 282 40 42
2-10-16ball14.avi 629 272 271 36 42
2-10-16ball14.avi 638 252 271 35 37
2-10-16ball14.avi 646 294 266 30 33
2-10-16ball14.avi 655 280 253 29 31
2-10-16ball14.avi 662 266 278 28 29
2-10-16ball14.avi 667 255 291 27 28
2-10-16ball14.avi 671 254 283 27 24
2-10-16ball14.avi 680 264 270 26 24
2-10-16ball14.avi 688 299 254 26 27
2-10-16ball14.avi 696 305 216 25 24
2-10-16ball14.avi 704 275 209 23 25
2-10-16ball14.avi 812 319 185 40 40
2-10-16ball14.avi 824 281 196 43 43
2-10-16ball14.avi 847 329 198 51 52
2-10-16ball14.avi 871 271 205 64 64
2-10-16ball14.avi 899 324 172 92 91
2-10-16ball14.avi 920 276 209 119 118
2-10-16ball14.avi 944 199 198 170 163
2-10-16ball14.avi 971 223 197 193 190
2-10-16ball14.avi 1000 173 157 199 190
2-10-16ball14.avi 1028 79 198 192 178
2-10-16ball14.avi 1055 175 132 183 175
2-10-16ball14.avi 1078 204 223 169 171
2-10-16ball14.avi 1101 214 173 163 171
2-10-16ball15.avi 1 166 93 150 152
2-10-16ball15.avi 5 154 94 149 142
2-10-16ball15.avi 10 152 86 147 142
2-10-16ball15.avi 15 157 87 148 140
2-10-16ball15.avi 21 210 106 153 141
2-10-16ball15.avi 27 278 134 133 138
2-10-16ball15.avi 36 292 222 138 131
2-10-16ball15.avi 45 356 264 135 134
2-10-16ball15.avi 52 328 285 132 143
2-10-16ball15.avi 58 337 256 127 131
2-10-16ball15.avi 69 395 186 126 123
2-10-16ball15.avi 78 403 195 122 126
2-10-16ball15.avi 91 404 194 129 127
2-10-16ball15.avi 99 385 166 135 132
2-10-16ball15.avi 105 384 189 147 146
2-10-16ball15.avi 111 331 264 134 104
2-10-16ball15.avi 111 331 264 134 104
2-10-16ball15.avi 111 331 264 134 104
2-10-16ball15.avi 120 220 300 124 131
2-10-16ball15.avi 155 597 358 142 123
2-10-16ball15.avi 162 407 268 121 118
2-10-16ball15.avi 166 351 239 114 108
2-10-16ball15.avi 171 309 227 104 112
2-10-16ball15.avi 176 292 236 99 94
2-10-16ball15.avi 180 290 240 91 81
2-10-16ball15.avi 182 280 239 91 83
2-10-16ball15.avi 183 278 235 109 90
2-10-16ball15.avi 185 274 229 85 84
2-10-16ball15.avi 188 255 212 113 84
2-10-16ball15.avi 192 258 212 86 73
2-10-16ball15.avi 198 290 225 87 82
2-10-16ball15.avi 203 328 218 88 92
2-10-16ball15.avi 207 354 208 89 89
2-10-16ball15.avi 212 366 212 91 93
2-10-16ball15.avi 219 362 228 93 95
2-10-16ball15.avi 223 350 234 98 94
2-10-16ball15.avi 233 338 239 103 106
2-10-16ball15.avi 240 344 264 107 115
2-10-16ball15.avi 248 308 272 109 114
2-10-16ball15.avi 256 237 272 111 114
2-10-16ball15.avi 263 220 268 114 116
2-10-16ball15.avi 263 220 268 114 116
2-10-16ball15.avi 269 242 266 115 118
2-10-16ball15.avi 276 237 266 129 135
2-10-16ball15.avi 282 215 277 128 120
2-10-16ball15.avi 288 180 236 136 129
2-10-16ball15.avi 294 151 267 137 131
2-10-16ball15.avi 298 162 269 130 127
2-10-16ball15.avi 304 215 269 126 130
2-10-16ball15.avi 310 233 288 139 135
2-10-16ball15.avi 316 238 329 141 135
2-10-16ball15.avi 324 268 379 156 153
2-10-16ball15.avi 330 272 328 160 155
2-10-16ball15.avi 337 241 319 164 156
2-10-16ball15.avi 345 238 330 167 167
2-10-16ball15.avi 352 236 296 175 177
2-10-16ball15.avi 358 262 286 179 179
2-10-16ball15.avi 362 290 276 183 182
2-10-16ball15.avi 367 306 283 185 184
2-10-16ball15.avi 373 328 288 185 186
2-10-16ball15.avi 378 318 282 187 187
2-10-16ball15.avi 384 286 255 184 182
2-10-16ball15.avi 391 280 248 184 184
2-10-16ball15.avi 398 270 244 179 182
2-10-16ball15.avi 405 266 263 172 181
2-10-16ball15.avi 410 258 251 179 180
2-10-16ball15.avi 416 250 257 177 183
2-10-16ball15.avi 423 251 271 178 175
2-10-16ball15.avi 430 261 255 176 178
2-10-16ball15.avi 440 278 252 179 179
2-10-16ball15.avi 452 317 260 170 176
2-10-16ball15.avi 466 322 246 171 172
2-10-16ball15.avi 473 314 238 171 163
2-10-16ball15.avi 483 305 238 174 170
2-10-16ball15.avi 492 306 255 175 175
2-10-16ball15.avi 499 284 236 176 175
2-10-16ball15.avi 507 280 212 175 173
2-10-16ball15.avi 515 274 215 174 178
2-10-16ball15.avi 526 299 228 172 172
2-10-16ball15.avi 539 298 235 170 168
2-10-16ball15.avi 547 316 254 165 167
2-10-16ball15.avi 554 312 246 156 165
2-10-16ball15.avi 564 318 264 170 168
2-10-16ball15.avi 572 340 271 169 169
2-10-16ball15.avi 580 376 246 173 168
2-10-16ball15.avi 590 391 258 176 172
2-10-16ball15.avi 601 340 236 204 205
2-10-16ball15.avi 601 340 236 173 169
2-10-16ball15.avi 608 311 223 172 170
2-10-16ball15.avi 614 287 186 174 170
2-10-16ball15.avi 622 298 213 175 170
2-10-16ball15.avi 629 268 206 171 161
2-10-16ball15.avi 636 254 192 171 165
2-10-16ball15.avi 646 258 170 174 170
2-10-16ball15.avi 654 264 196 171 171
2-10-16ball15.avi 660 259 199 172 170
2-10-16ball15.avi 669 270 204 173 169
2-10-16ball15.avi 678 255 200 178 170
2-10-16ball16.avi 1 276 171 168 154
2-10-16ball16.avi 8 273 157 177 171
2-10-16ball16.avi 15 261 139 169 166
2-10-16ball16.avi 26 255 164 166 172
2-10-16ball16.avi 35 281 145 178 167
2-10-16ball16.avi 45 292 154 184 173
2-10-16ball16.avi 54 304 125 184 169
2-10-16ball16.avi 77 350 191 171 183
2-10-16ball16.avi 93 379 166 160 151
2-10-16ball16.avi 103 358 146 169 143
2-10-16ball16.avi 115 360 168 162 143
2-10-16ball16.avi 133 427 128 166 163
2-10-16ball16.avi 155 441 108 179 164
2-10-16ball16.avi 173 464 118 162 146
2-10-16ball16.avi 192 414 121 181 184
2-10-16ball16.avi 210 379 173 209 202
2-10-16ball16.avi 236 372 157 229 223
2-10-16ball16.avi 243 359 177 225 207
2-10-16ball16.avi 262 350 149 237 236
2-10-16ball16.avi 280 330 198 207 206
2-10-16ball16.avi 295 342 156 187 199
2-10-16ball16.avi 297 347 161 197 191
2-10-16ball16.avi 311 320 254 170 186
2-10-16ball16.avi 323 404 266 154 163
2-10-16ball16.avi 332 514 334 179 170
2-10-16ball16.avi 335 511 360 192 172
2-10-16ball16.avi 342 506 348 171 155
2-10-16ball16.avi 345 511 330 171 156
2-10-16ball16.avi 349 497 314 160 160
2-10-16ball16.avi 358 490 302 167 153
2-10-16ball16.avi 366 431 252 164 147
2-10-16ball16.avi 374 389 176 195 164
2-10-16ball16.avi 392 336 1 193 182
2-10-16ball16.avi 418 280 214 187 171
2-10-16ball16.avi 429 275 197 195 172
2-10-16ball16.avi 437 277 184 192 175
2-10-16ball17.avi 25 281 100 162 161
2-10-16ball17.avi 36 255 126 162 159
2-10-16ball17.avi 45 138 163 159 154
2-10-16ball17.avi 61 300 137 144 138
2-10-16ball17.avi 70 305 144 134 133
2-10-16ball17.avi 81 213 239 128 122
2-10-16ball17.avi 98 186 368 137 122
2-10-16ball17.avi 109 320 267 131 123
2-10-16ball17.avi 120 323 178 137 119
2-10-16ball17.avi 139 263 263 130 114
2-10-16ball17.avi 152 263 276 125 115
2-10-16ball17.avi 170 263 285 144 117
2-10-16ball17.avi 170 276 285 131 113
2-10-16ball17.avi 180 279 272 125 117
2-10-16ball17.avi 194 312 267 120 112
2-10-16ball17.avi 208 326 184 112 114
2-10-16ball17.avi 218 311 201 118 111
2-10-16ball17.avi 227 331 198 124 113
2-10-16ball17.avi 239 333 212 122 115
2-10-16ball17.avi 254 207 269 134 136
2-10-16ball17.avi 261 267 243 142 137
2-10-16ball17.avi 275 210 245 165 156
2-10-16ball17.avi 289 200 173 178 169
2-10-16ball17.avi 309 348 76 207 201
2-10-16ball17.avi 333 383 165 222 208
2-10-16ball17.avi 354 321 133 213 210
2-10-16ball17.avi 382 289 130 238 239
2-10-16ball17.avi 404 332 167 245 249
2-10-16ball17.avi 420 282 130 254 254
2-10-16ball17.avi 433 277 103 254 256
2-10-16ball17.avi 448 350 95 249 248
2-10-16ball17.avi 466 333 169 249 247
2-10-16ball17.avi 479 370 161 241 239
2-10-16ball17.avi 493 347 103 224 222
2-10-16ball17.avi 505 275 151 225 210
2-10-16ball17.avi 520 362 257 211 208
2-10-16ball17.avi 536 145 184 220 215
2-10-16ball17.avi 550 350 205 205 204
2-10-16ball17.avi 574 342 269 204 206
2-10-16ball17.avi 597 328 216 201 203
2-10-16ball17.avi 618 299 238 209 204
2-10-16ball17.avi 633 283 223 213 206
2-10-16ball18.avi 1 466 108 199 176
2-10-16ball18.avi 16 475 99 199 190
2-10-16ball18.avi 24 486 79 199 197
2-10-16ball18.avi 36 393 222 157 147
2-10-16ball18.avi 45 410 313 142 132
2-10-16ball18.avi 53 342 392 127 125
2-10-16ball18.avi 56 292 418 124 119
2-10-16ball18.avi 60 332 445 112 115
2-10-16ball18.avi 60 332 445 112 115
2-10-16ball18.avi 60 332 445 112 115
2-10-16ball18.avi 65 350 395 119 96
2-10-16ball18.avi 69 339 348 117 92
2-10-16ball18.avi 69 357 348 99 92
2-10-16ball18.avi 88 335 290 81 78
2-10-16ball18.avi 91 335 286 76 76
2-10-16ball18.avi 94 333 287 74 73
2-10-16ball18.avi 97 333 288 74 71
2-10-16ball18.avi 101 330 290 70 69
2-10-16ball18.avi 103 325 293 70 66
2-10-16ball18.avi 104 324 295 69 68
2-10-16ball18.avi 105 324 297 67 64
2-10-16ball18.avi 106 325 296 67 65
2-10-16ball18.avi 107 327 295 66 64
2-10-16ball18.avi 108 330 296 65 59
2-10-16ball18.avi 109 332 298 65 59
2-10-16ball18.avi 112 334 310 62 61
2-10-16ball18.avi 116 319 321 64 63
2-10-16ball18.avi 122 327 331 56 53
2-10-16ball18.avi 127 320 330 58 51
2-10-16ball18.avi 134 312 318 59 57
2-10-16ball18.avi 140 296 254 57 50
2-10-16ball18.avi 145 325 237 56 51
2-10-16ball18.avi 153 294 300 52 47
2-10-16ball18.avi 160 278 323 53 50
2-10-16ball18.avi 166 280 315 51 56
2-10-16ball18.avi 172 290 291 49 46
2-10-16ball18.avi 181 340 317 47 49
2-10-16ball18.avi 190 335 317 50 54
2-10-16ball18.avi 193 334 293 47 54
2-10-16ball18.avi 198 327 268 49 42
2-10-16ball18.avi 206 343 247 48 53
2-10-16ball18.avi 212 343 243 57 46
2-10-16ball18.avi 221 348 247 46 44
2-10-16ball18.avi 227 339 237 45 45
2-10-16ball18.avi 235 337 283 40 36
2-10-16ball18.avi 262 343 258 45 44
2-10-16ball18.avi 267 350 271 42 39
2-10-16ball19.avi 2 309 64 288 265
2-10-16ball19.avi 29 191 339 243 249
2-10-16ball19.avi 34 196 350 216 226
2-10-16ball19.avi 55 346 55 173 153
2-10-16ball19.avi 58 317 54 198 186
2-10-16ball19.avi 61 331 154 180 189
2-10-16ball19.avi 66 291 238 170 132
2-10-16ball19.avi 75 276 283 163 160
2-10-16ball19.avi 165 512 27 151 161
2-10-16ball19.avi 169 510 90 175 175
2-10-16ball19.avi 177 471 381 200 170
2-10-16ball19.avi 275 416 42 127 126
2-10-16ball19.avi 306 330 392 155 171
2-10-16ball19.avi 308 355 368 154 164
2-10-16ball19.avi 327 410 93 133 141
2-10-16ball19.avi 351 188 329 199 184
2-10-16ball19.avi 372 118 148 199 199
2-10-16ball19.avi 394 142 172 223 221
2-10-16ball19.avi 408 177 74 236 235
2-10-16ball20.avi 25 420 31 184 173
2-10-16ball20.avi 33 419 86 185 184
2-10-16ball20.avi 40 418 98 188 169
2-10-16ball20.avi 50 409 136 199 177
2-10-16ball20.avi 53 447 133 199 192
2-10-16ball20.avi 58 497 143 200 193
2-10-16ball20.avi 62 510 116 204 197
2-10-16ball20.avi 66 507 112 209 201
2-10-16ball20.avi 71 512 114 208 206
2-10-16ball20.avi 77 482 118 219 207
2-10-16ball20.avi 83 431 132 202 204
2-10-16ball20.avi 89 424 143 206 206
2-10-16ball20.avi 95 426 161 215 206
2-10-16ball20.avi 99 415 153 223 194
2-10-16ball20.avi 105 395 150 206 206
2-10-16ball20.avi 111 387 158 216 200
2-10-16ball20.avi 148 383 76 217 204
2-10-16ball20.avi 154 392 78 220 213
2-10-16ball20.avi 175 360 111 232 230
2-10-16ball20.avi 194 311 108 240 237
2-10-16ball20.avi 206 350 59 240 241
2-10-16ball20.avi 219 368 92 237 226
2-10-16ball20.avi 237 392 82 235 228
2-10-16ball20.avi 246 393 66 239 233
2-10-16ball21.avi 25 367 164 182 179
2-10-16ball21.avi 49 311 30 169 183
2-10-16ball21.avi 74 261 432 162 166
2-10-16ball21.avi 75 270 431 155 162
2-10-16ball21.avi 82 202 207 138 134
2-10-16ball21.avi 85 214 176 132 129
2-10-16ball21.avi 89 252 239 124 128
2-10-16ball21.avi 94 296 238 119 121
2-10-16ball21.avi 98 310 274 125 127
2-10-16ball21.avi 102 322 390 138 145
2-10-16ball21.avi 105 303 411 138 144
2-10-16ball21.avi 111 326 439 142 145
2-10-16ball21.avi 121 276 446 133 139
2-10-16ball21.avi 126 239 398 134 138
2-10-16ball21.avi 131 237 288 133 136
2-10-16ball21.avi 136 281 214 123 122
2-10-16ball21.avi 142 309 239 124 126
2-10-16ball21.avi 146 322 277 131 113
2-10-16ball21.avi 150 336 329 139 139
2-10-16ball21.avi 154 332 392 143 151
2-10-16ball21.avi 160 356 400 148 155
2-10-16ball21.avi 169 324 425 161 171
2-10-16ball21.avi 178 279 334 172 150
2-10-16ball21.avi 184 258 198 173 175
2-10-16ball21.avi 187 262 248 163 159
2-10-16ball21.avi 191 300 222 165 162
2-10-16ball21.avi 194 308 242 170 175
2-10-16ball21.avi 199 272 342 200 216
2-10-16ball21.avi 205 223 335 197 206
2-10-16ball21.avi 210 253 309 192 186
2-10-16ball21.avi 217 274 359 193 201
2-10-16ball21.avi 224 258 319 197 182
2-10-16ball21.avi 228 221 124 199 191
2-10-16ball21.avi 232 222 79 190 183
2-10-16ball21.avi 236 216 79 180 179
2-10-16ball21.avi 240 235 55 153 176
2-10-16ball21.avi 241 175 30 194 178
2-10-16ball21.avi 247 146 103 220 188
2-10-16ball21.avi 253 85 319 263 262
2-10-16ball21.avi 259 159 329 225 218
2-10-16ball21.avi 263 261 319 205 213
2-10-16ball21.avi 291 333 406 158 159
2-10-16ball21.avi 296 343 341 160 161
2-10-16ball21.avi 302 342 328 164 168
2-10-16ball21.avi 308 320 325 183 186
2-10-16ball21.avi 313 320 334 194 197
2-10-16ball21.avi 319 308 315 199 202
2-10-16ball21.avi 328 319 348 200 213
2-10-16ball21.avi 334 290 359 197 203
2-10-16ball21.avi 340 312 301 194 196
2-10-16ball21.avi 347 353 234 198 199
2-10-16ball21.avi 354 330 208 206 208
2-10-16ball21.avi 360 314 215 207 206
2-10-16ball21.avi 367 395 247 209 207
2-10-16ball21.avi 374 407 236 201 205
2-10-16ball21.avi 381 382 218 193 197
2-10-16ball21.avi 390 281 274 186 186
2-10-16ball21.avi 400 369 219 184 177
2-10-16ball21.avi 409 362 261 184 166
2-10-16ball21.avi 418 336 283 181 180
2-10-16ball22.avi 12 352 197 114 128
2-10-16ball22.avi 19 365 218 117 124
2-10-16ball22.avi 25 361 208 118 117
2-10-16ball22.avi 32 354 199 118 122
2-10-16ball22.avi 39 352 203 116 117
2-10-16ball22.avi 46 343 200 120 118
2-10-16ball22.avi 55 351 198 120 121
2-10-16ball22.avi 62 400 160 121 128
2-10-16ball22.avi 72 382 138 135 125
2-10-16ball22.avi 85 340 152 172 168
2-10-16ball22.avi 89 346 149 174 175
2-10-16ball22.avi 97 354 127 203 196
2-10-16ball22.avi 108 309 53 230 232
2-10-16ball22.avi 122 279 37 250 254
2-10-16ball22.avi 131 288 53 261 262
2-10-16ball22.avi 143 278 95 259 256
2-10-16ball22.avi 155 235 127 251 224
2-10-16ball22.avi 170 216 127 266 249
2-10-16ball22.avi 189 234 143 282 265
2-10-16ball22.avi 211 273 144 297 285
2-10-16ball22.avi 221 296 118 285 275
2-10-16ball22.avi 229 240 84 293 293
2-10-16ball22.avi 237 206 110 303 291
2-10-16ball22.avi 247 232 111 301 306
2-10-16ball22.avi 257 243 167 292 283
2-10-16ball22.avi 266 282 170 287 279
2-10-16ball22.avi 279 198 146 278 271
2-10-16ball22.avi 294 349 132 291 279
2-10-16ball22.avi 307 292 100 335 315
2-10-16ball22.avi 318 299 74 354 352
2-10-16ball22.avi 330 251 81 365 370
2-10-16ball22.avi 351 312 135 323 302
2-10-16ball22.avi 362 357 117 291 278
2-10-16ball22.avi 370 347 159 266 302
2-10-16ball22.avi 370 347 159 266 256
2-10-16ball22.avi 380 358 165 241 231
2-10-16ball22.avi 389 335 174 224 214
2-10-16ball22.avi 399 318 165 210 204
2-10-16ball22.avi 436 305 167 198 190
2-10-16ball22.avi 449 279 139 200 191
2-10-16ball23.avi 93 286 119 238 241
2-10-16ball23.avi 99 299 127 248 258
2-10-16ball23.avi 117 217 110 287 285
2-10-16ball23.avi 131 143 98 340 334
2-10-16ball23.avi 146 239 94 311 323
2-10-16ball23.avi 161 265 115 280 292
2-10-16ball23.avi 205 167 262 116 119
2-10-16ball23.avi 209 207 206 96 113
2-10-16ball23.avi 216 325 230 74 87
2-10-16ball23.avi 222 372 246 68 76
2-10-16ball23.avi 227 365 248 61 68
2-10-16ball23.avi 232 383 250 54 63
2-10-16ball23.avi 237 386 223 51 58
2-10-16ball23.avi 244 360 192 50 54
2-10-16ball23.avi 251 344 137 48 54
2-10-16ball23.avi 258 378 137 50 55
2-10-16ball23.avi 265 372 185 44 59
2-10-16ball23.avi 271 392 177 42 51
2-10-16ball23.avi 278 376 239 40 33
2-10-16ball23.avi 294 392 229 39 40
2-10-16ball23.avi 301 391 223 38 46
2-10-16ball23.avi 306 383 237 40 47
2-10-16ball23.avi 313 399 239 42 47
2-10-16ball23.avi 321 357 270 46 50
2-10-16ball23.avi 328 372 270 40 34
2-10-16ball23.avi 333 378 273 39 45
2-10-16ball23.avi 338 399 235 50 57
2-10-16ball23.avi 346 410 266 47 59
2-10-16ball23.avi 348 406 287 45 49
2-10-16ball23.avi 350 425 272 43 52
2-10-16ball23.avi 350 425 272 43 52
2-10-16ball23.avi 355 414 220 50 64
2-10-16ball23.avi 363 419 255 46 49
2-10-16ball23.avi 365 418 241 55 63
2-10-16ball23.avi 366 416 239 54 59
2-10-16ball23.avi 369 410 241 54 64
2-10-16ball23.avi 374 392 240 54 63
2-10-16ball23.avi 381 388 215 61 64
2-10-16ball23.avi 386 379 213 60 71
2-10-16ball23.avi 392 382 206 59 70
2-10-16ball23.avi 398 375 268 64 73
2-10-16ball23.avi 403 351 304 66 76
2-10-16ball23.avi 409 351 335 71 70
2-10-16ball23.avi 415 370 335 72 80
2-10-16ball23.avi 420 378 319 80 91
2-10-16ball23.avi 424 364 318 85 91
2-10-16ball23.avi 429 339 335 87 89
2-10-16ball23.avi 434 334 344 95 95
2-10-16ball23.avi 439 355 319 98 107
2-10-16ball23.avi 447 340 406 111 123
2-10-16ball23.avi 451 376 398 120 116
2-10-16ball23.avi 456 371 352 132 127
2-10-16ball23.avi 461 383 335 132 134
2-10-16ball23.avi 468 382 351 146 147
2-10-16ball23.avi 475 363 312 138 141
2-10-16ball23.avi 483 351 318 129 130
2-10-16ball23.avi 488 358 287 157 146
2-10-16ball23.avi 494 329 261 170 157
2-10-16ball23.avi 501 331 203 182 183
2-10-16ball23.avi 506 321 176 191 183
2-10-16ball23.avi 512 354 182 206 203
2-10-16ball23.avi 521 317 153 227 226
2-10-16ball23.avi 529 316 144 229 229
2-10-16ball23.avi 541 298 143 253 242
2-10-16ball23.avi 548 285 148 255 253
2-10-16ball23.avi 554 296 159 259 253
2-10-16ball23.avi 562 320 159 267 261
2-10-16ball23.avi 567 340 159 264 258
2-10-16ball23.avi 573 337 159 280 266
2-10-16ball23.avi 580 351 160 268 264
2-10-16ball23.avi 587 370 159 265 280
2-10-16ball23.avi 595 402 173 267 254
2-10-16ball23.avi 608 467 178 276 266
2-10-16ball23.avi 618 476 176 276 264
2-10-16ball23.avi 634 402 218 258 253
2-10-16ball23.avi 643 398 221 275 264
2-10-16ball23.avi 656 427 223 246 244
2-10-16ball23.avi 668 287 261 236 246
2-10-16ball23.avi 686 335 239 230 241
2-10-16ball23.avi 707 324 239 227 233
2-10-16ball23.avi 740 342 266 236 193
2-10-16ball23.avi 757 393 230 215 207
2-10-16ball23.avi 766 373 294 204 205
2-10-16ball23.avi 779 306 270 203 189
2-10-16ball23.avi 791 359 223 201 189
2-10-16ball23.avi 816 351 258 224 176
2-10-16ball23.avi 830 279 250 227 207
2-10-16ball23.avi 833 276 239 238 230
2-10-16ball23.avi 836 278 245 202 182
2-10-16ball23.avi 839 238 239 226 219
2-10-16ball23.avi 844 213 247 234 233
2-10-16ball23.avi 850 159 302 241 213
2-10-16ball23.avi 856 94 319 226 240
2-10-16ball23.avi 861 78 270 242 249
2-10-16ball23.avi 866 79 271 272 240
2-10-16ball23.avi 873 94 249 248 232
2-10-16ball23.avi 880 126 230 250 227
2-10-16ball23.avi 893 95 250 259 238
2-10-16ball23.avi 902 39 303 296 243
2-10-16ball23.avi 909 16 297 288 257
2-10-16ball23.avi 918 72 280 296 267
2-10-16ball23.avi 932 183 256 233 211
2-10-16ball23.avi 939 192 269 207 238
2-10-16ball23.avi 947 231 261 184 216
2-10-16ball23.avi 955 226 244 181 202
2-10-16ball23.avi 965 224 271 191 186
2-10-16ball23.avi 985 299 278 168 170
2-10-16ball23.avi 1004 280 287 159 157
2-10-16ball23.avi 1009 292 281 156 159
2-10-16ball23.avi 1013 339 294 158 154
2-10-16ball23.avi 1016 348 319 158 153
2-10-16ball23.avi 1021 355 345 157 150
2-10-16ball23.avi 1027 356 378 161 165
2-10-16ball23.avi 1033 338 406 161 170
2-10-16ball23.avi 1040 374 350 155 158
2-10-16ball23.avi 1047 387 352 154 158
2-10-16ball23.avi 1054 372 351 162 154
2-10-16ball23.avi 1061 403 339 148 149
2-10-16ball23.avi 1068 376 319 146 153
2-10-16ball23.avi 1075 366 291 145 166
2-10-16ball23.avi 1083 374 276 134 150
2-10-16ball23.avi 1090 364 246 156 154
2-10-16ball23.avi 1097 371 255 130 138
2-10-16ball23.avi 1103 354 270 131 142
2-10-16ball23.avi 1109 351 250 132 124
2-10-16ball23.avi 1113 351 238 129 137
2-10-16ball23.avi 1119 369 223 137 152
2-10-16ball23.avi 1125 363 271 142 137
2-10-16ball23.avi 1133 374 295 141 157
2-10-16ball23.avi 1138 377 241 150 172
2-10-16ball23.avi 1143 368 279 159 155
2-10-16ball23.avi 1148 334 308 169 157
2-10-16ball23.avi 1153 365 297 158 160
2-10-16ball23.avi 1159 380 279 155 163
2-10-16ball23.avi 1164 380 281 156 167
2-10-16ball23.avi 1169 402 270 162 155
2-10-16ball23.avi 1174 414 243 160 161
2-10-16ball23.avi 1179 415 248 154 163
2-10-16ball23.avi 1183 391 257 157 160
2-10-16ball23.avi 1187 401 246 161 157
2-10-16ball23.avi 1190 402 232 158 156
2-10-16ball23.avi 1191 409 233 152 158
2-10-16ball23.avi 1192 400 239 165 168
2-10-16ball23.avi 1193 414 239 156 157
2-10-16ball23.avi 1199 440 246 153 149
2-10-16ball23.avi 1205 405 230 174 143
2-10-16ball23.avi 1210 392 207 153 148
2-10-16ball23.avi 1216 335 207 145 144
2-10-16ball23.avi 1221 307 216 154 159
2-10-16ball23.avi 1227 280 202 175 171
2-10-16ball23.avi 1232 300 216 170 174
2-10-16ball23.avi 1236 266 214 174 157
2-10-16ball23.avi 1240 221 158 173 179
2-10-16ball23.avi 1245 300 116 181 186
2-10-16ball23.avi 1250 295 84 196 206
2-10-16ball23.avi 1257 207 85 203 214
2-10-16ball23.avi 1264 159 118 220 219
2-10-16ball23.avi 1272 180 102 216 222
2-10-16ball23.avi 1281 202 93 228 228
2-10-16ball23.avi 1291 234 96 220 218
2-10-16ball23.avi 1292 239 93 230 230
2-10-16ball23.avi 1301 248 121 232 238
2-10-16ball23.avi 1309 178 137 242 242
2-10-16ball23.avi 1318 207 127 244 244
2-10-16ball23.avi 1329 188 130 249 247
2-10-16ball24.avi 14 250 4 61 57
2-10-16ball24.avi 25 239 95 60 58
2-10-16ball24.avi 34 309 203 58 55
2-10-16ball24.avi 63 318 182 63 64
2-10-16ball24.avi 68 331 186 64 74
2-10-16ball24.avi 71 315 155 66 74
2-10-16ball24.avi 77 302 113 68 79
2-10-16ball24.avi 83 292 107 81 69
2-10-16ball24.avi 88 290 88 79 79
2-10-16ball24.avi 93 291 144 99 92
2-10-16ball24.avi 98 294 219 118 118
2-10-16ball24.avi 99 298 246 107 98
2-10-16ball24.avi 101 292 213 108 107
2-10-16ball24.avi 103 282 175 109 109
2-10-16ball24.avi 106 244 120 140 152
2-10-16ball24.avi 108 227 98 150 154
2-10-16ball24.avi 110 222 131 152 157
2-10-16ball24.avi 113 227 250 180 187
2-10-16ball24.avi 122 255 303 187 180
2-10-16ball24.avi 124 232 254 194 181
2-10-16ball24.avi 128 236 308 165 164
2-10-16ball24.avi 131 271 393 150 151
2-10-16ball24.avi 134 296 399 168 145
2-10-16ball24.avi 138 468 335 139 136
2-10-16ball24.avi 142 485 319 128 129
2-10-16ball24.avi 146 472 327 137 134
2-10-16ball24.avi 149 527 310 113 106
2-10-16ball24.avi 152 524 272 109 114
2-10-16ball24.avi 155 572 240 95 80
2-10-16ball24.avi 159 622 158 86 82
2-10-16ball24.avi 163 617 127 103 93
2-10-16ball24.avi 169 610 172 110 110
2-10-16ball24.avi 173 587 213 107 112
2-10-16ball24.avi 177 540 223 103 105
2-10-16ball24.avi 181 511 234 100 114
2-10-16ball24.avi 185 500 256 97 92
2-10-16ball24.avi 189 447 260 105 98
2-10-16ball24.avi 194 418 298 104 96
2-10-16ball24.avi 201 381 310 102 105
2-10-16ball24.avi 207 313 298 104 110
2-10-16ball24.avi 211 262 290 108 109
2-10-16ball24.avi 217 215 301 115 112
2-10-16ball24.avi 228 127 196 129 129
2-10-16ball24.avi 236 150 140 147 138
2-10-16ball24.avi 246 168 73 152 136
2-10-16ball24.avi 285 381 44 207 222
2-10-16ball24.avi 290 376 119 185 216
2-10-16ball24.avi 298 376 217 201 214
2-10-16ball24.avi 305 365 156 217 209
2-10-16ball24.avi 324 317 35 224 238
2-10-16ball24.avi 345 332 213 226 225
2-10-16ball24.avi 364 362 254 240 259
2-10-16ball24.avi 385 266 210 246 251
2-10-16ball24.avi 412 334 370 227 228
2-10-16ball24.avi 448 254 185 275 268
2-10-16ball24.avi 472 232 120 344 327
2-10-16ball24.avi 488 273 131 358 321
2-10-16ball24.avi 510 210 4 369 381
2-10-16ball24.avi 537 124 174 388 391
2-10-16ball25.avi 26 248 240 232 244
2-10-16ball25.avi 32 283 242 230 241
2-10-16ball25.avi 42 361 225 227 227
2-10-16ball25.avi 51 361 140 216 225
2-10-16ball25.avi 67 397 30 216 215
2-10-16ball25.avi 78 465 126 218 209
2-10-16ball25.avi 87 412 91 205 226
2-10-16ball25.avi 99 357 159 192 209
2-10-16ball25.avi 109 415 131 197 211
2-10-16ball25.avi 118 463 154 198 201
2-10-16ball25.avi 129 434 172 197 198
2-10-16ball25.avi 144 382 125 197 212
2-10-16ball25.avi 154 345 272 163 171
2-10-16ball25.avi 170 253 91 175 174
2-10-16ball25.avi 177 332 154 162 171
2-10-16ball25.avi 187 288 180 157 158
2-10-16ball25.avi 195 279 352 156 155
2-10-16ball25.avi 203 224 335 159 157
2-10-16ball25.avi 212 153 208 159 149
2-10-16ball25.avi 229 348 174 149 147
2-10-16ball25.avi 235 345 204 146 147
2-10-16ball25.avi 243 343 227 154 145
2-10-16ball25.avi 251 305 243 145 142
2-10-16ball25.avi 262 338 203 147 150
2-10-16ball25.avi 270 284 231 155 152
2-10-16ball25.avi 281 297 205 150 147
2-10-16ball25.avi 292 291 182 162 161
2-10-16ball25.avi 303 232 182 184 161
2-10-16ball25.avi 320 227 209 186 192
2-10-16ball25.avi 326 166 225 182 194
2-10-16ball25.avi 332 176 240 195 187
2-10-16ball25.avi 338 158 254 188 178
2-10-16ball25.avi 350 126 340 175 183
2-10-16ball25.avi 358 136 328 176 175
2-10-16ball25.avi 378 191 330 184 169
2-10-16ball25.avi 400 304 245 179 175
2-10-16ball25.avi 410 325 223 195 180
2-10-16ball25.avi 431 359 239 195 189
2-10-16ball25.avi 438 366 228 175 183
2-10-16ball25.avi 447 327 207 171 185
2-10-16ball25.avi 462 404 198 197 193
2-10-16ball25.avi 470 383 267 196 203
2-10-16ball25.avi 484 399 259 191 200
2-10-16ball25.avi 506 376 236 207 201
2-10-16ball25.avi 522 346 246 189 191
2-10-16ball25.avi 546 321 254 208 201
2-10-16ball25.avi 572 290 253 201 194
2-10-16ball25.avi 584 282 277 183 204
2-10-16ball25.avi 605 307 292 193 205
2-10-16ball25.avi 617 284 243 176 189
2-10-16ball25.avi 623 292 239 188 192
2-10-16ball25.avi 632 278 257 177 199
2-10-16ball25.avi 645 304 312 183 200
2-10-16ball25.avi 655 320 340 193 205
2-10-16ball25.avi 670 294 317 214 211
2-10-16ball25.avi 688 312 278 218 203
2-10-16ball25.avi 706 315 178 193 197
2-10-16ball25.avi 727 339 103 225 226
2-10-16ball25.avi 735 319 126 231 216
2-10-16ball25.avi 749 278 184 239 244
2-10-16ball25.avi 769 298 182 218 234
2-10-16ball25.avi 784 361 186 231 234
2-10-16ball25.avi 797 330 209 221 226
2-10-16ball25.avi 818 324 213 211 218
2-10-16ball25.avi 825 286 244 212 220
2-10-16ball25.avi 835 282 269 213 224
2-10-16ball25.avi 844 278 266 225 223
2-10-16ball25.avi 856 282 263 216 222
2-10-16ball25.avi 861 308 268 208 218
2-10-16ball25.avi 875 325 225 216 221
2-10-16ball25.avi 889 302 264 233 243
2-10-16ball25.avi 902 340 237 257 255
2-10-16ball25.avi 908 321 222 242 257
2-10-16ball25.avi 916 330 230 251 250
2-10-16ball25.avi 926 351 239 240 239
2-10-16ball25.avi 937 363 238 232 221
2-10-16ball25.avi 952 305 230 232 219
2-10-16ball25.avi 964 275 252 225 214
2-10-16ball25.avi 976 342 226 238 226
2-10-16ball25.avi 980 342 215 241 250
2-10-16ball25.avi 988 360 206 263 252
2-10-16ball25.avi 998 338 186 250 241
2-10-16ball25.avi 1012 308 179 236 212
2-10-16ball25.avi 1019 314 171 221 236
2-10-16ball25.avi 1032 320 173 223 233
2-10-16ball25.avi 1048 399 223 246 227
2-10-16ball25.avi 1049 411 219 254 229
2-10-16ball25.avi 1065 418 209 268 243
2-10-16ball25.avi 1101 349 230 267 266
2-10-16ball25.avi 1115 348 223 283 251
2-10-16ball26.avi 1 334 225 145 144
2-10-16ball26.avi 7 328 232 147 148
2-10-16ball26.avi 11 322 239 148 148
2-10-16ball26.avi 15 336 251 149 150
2-10-16ball26.avi 19 367 279 152 145
2-10-16ball26.avi 25 392 290 153 145
2-10-16ball26.avi 32 398 277 150 146
2-10-16ball26.avi 40 375 327 137 145
2-10-16ball26.avi 46 370 275 143 137
2-10-16ball26.avi 54 321 263 140 143
2-10-16ball26.avi 63 250 294 136 144
2-10-16ball26.avi 74 223 347 148 145
2-10-16ball26.avi 85 259 329 143 147
2-10-16ball26.avi 97 279 349 130 127
2-10-16ball26.avi 110 264 363 119 112
2-10-16ball26.avi 127 218 368 152 148
2-10-16ball26.avi 144 208 315 154 155
2-10-16ball26.avi 156 202 267 166 160
2-10-16ball26.avi 169 214 251 169 172
2-10-16ball26.avi 184 247 189 190 186
2-10-16ball26.avi 192 226 143 205 201
2-10-16ball26.avi 200 226 216 212 189
2-10-16ball26.avi 207 224 254 224 225
2-10-16ball26.avi 217 209 229 235 239
2-10-16ball26.avi 227 205 240 251 248
2-10-16ball26.avi 259 210 186 254 248
2-10-16ball26.avi 267 140 208 250 265
2-10-16ball26.avi 283 185 192 235 237
2-10-16ball26.avi 300 256 229 224 222
2-10-16ball26.avi 316 314 254 205 215
2-10-16ball26.avi 322 328 243 187 210
2-10-16ball26.avi 342 253 223 197 190
2-10-16ball26.avi 354 254 214 194 191
2-10-16ball26.avi 378 230 256 192 188
2-10-16ball26.avi 402 225 259 191 197
2-10-16ball26.avi 413 335 239 204 205
2-10-16ball26.avi 438 378 211 208 207
2-10-16ball26.avi 450 316 238 211 211
2-10-16ball26.avi 463 290 255 215 210
2-10-16ball26.avi 475 312 224 228 230
2-10-16ball26.avi 487 266 240 230 237
2-10-16ball26.avi 499 287 262 228 226
2-10-16ball26.avi 508 207 286 216 221
2-10-16ball26.avi 521 170 242 214 216
2-10-16ball26.avi 536 127 237 222 211
2-10-16ball26.avi 547 153 250 208 192
2-10-16ball26.avi 565 202 222 195 195
2-10-16ball26.avi 580 202 224 193 194
2-10-16ball26.avi 592 228 240 185 191
2-10-16ball26.avi 610 286 242 171 166
2-10-16ball26.avi 629 351 201 144 145
2-10-16ball26.avi 642 395 192 142 143
2-10-16ball26.avi 654 367 235 142 140
2-10-16ball26.avi 668 387 191 143 145
2-10-16ball26.avi 680 403 175 148 146
2-10-16ball26.avi 703 448 188 170 155
2-10-16ball26.avi 729 373 175 179 178
2-10-16ball26.avi 747 330 178 191 185
2-10-16ball26.avi 763 340 173 189 194
2-10-16ball26.avi 783 358 287 177 166
2-10-16ball26.avi 811 287 266 160 147
