97.0266
97.1435
95.6394
97.1435
97.2616
95.7559
95.6394
95.7559
96.8534

0.00104512
-0.000235024
0.000172397
-0.000235024
0.0011544
-0.000266031
0.000172397
-0.000266031
0.000976655

7.07336e-08
0
2.93355e-08
0
0
0
2.93355e-08
0
7.52007e-08

59.9597
60.0424
60.1247
60.1119
60.1802
58.4441
60.0424
60.1258
60.2086
60.196
60.2646
58.529
60.1247
60.2086
60.292
60.2789
60.3477
58.615
60.1119
60.196
60.2789
60.5243
60.5932
58.8583
60.1802
60.2646
60.3477
60.5932
60.6626
58.9254
58.4441
58.529
58.615
58.8583
58.9254
59.8014

