4.27464e-05
1.47059e-05
-5.41711e-05
-1.54334e-06
-6.94174e-06
-2.79148e-06
-1.19535e-08
1.47059e-05
6.16977e-05
-3.72537e-06
1.77487e-06
2.86129e-07
-7.089e-06
3.18464e-09
-5.41711e-05
-3.72537e-06
0.000115693
3.79563e-06
1.50227e-05
1.34081e-06
2.62366e-08
-1.54334e-06
1.77487e-06
3.79563e-06
3.42611e-07
4.89537e-07
-8.12256e-08
1.24854e-09
-6.94174e-06
2.86129e-07
1.50227e-05
4.89537e-07
2.13462e-06
1.03673e-07
3.64198e-09
-2.79148e-06
-7.089e-06
1.34081e-06
-8.12256e-08
1.03673e-07
9.6672e-07
3.99172e-11
-1.19535e-08
3.18464e-09
2.62366e-08
1.24854e-09
3.64198e-09
3.99172e-11
7.14279e-12
5.71804e-05
1.68551e-05
-7.31127e-05
-2.0136e-06
-9.51401e-06
-2.98328e-06
-1.61609e-08
1.68551e-05
0.000112292
1.1242e-05
4.80235e-06
3.34948e-06
-1.19575e-05
1.24226e-08
-7.31127e-05
1.1242e-05
0.000181244
6.81475e-06
2.3797e-05
1.08567e-07
4.28735e-08
-2.0136e-06
4.80235e-06
6.81475e-06
7.66447e-07
9.44772e-07
-2.44853e-07
2.59238e-09
-9.51401e-06
3.34948e-06
2.3797e-05
9.44772e-07
3.42644e-06
-1.67395e-07
6.10988e-09
-2.98328e-06
-1.19575e-05
1.08567e-07
-2.44853e-07
-1.67395e-07
1.58086e-06
-5.82664e-10
-1.61609e-08
1.24226e-08
4.28735e-08
2.59238e-09
6.10988e-09
-5.82664e-10
1.29016e-11
